202.0 124.6 87.4 63.8 47.0 34.3 24.4 16.4 9.9 4.5 0.0
202.0 124.6 87.4 63.8 47.0 34.3 24.4 16.4 9.9 4.5 0.0
202.0 124.6 87.4 63.8 47.0 34.3 24.4 16.4 9.9 4.5 0.0
202.0 124.6 87.4 63.8 47.0 34.3 24.4 16.4 9.9 4.5 0.0
201.9 124.6 87.4 63.8 47.0 34.3 24.4 16.4 9.9 4.5 0.0
201.9 124.6 87.4 63.8 47.0 34.3 24.4 16.4 9.9 4.5 0.0
201.9 124.6 87.4 63.8 47.0 34.3 24.4 16.4 9.9 4.5 0.0
201.9 124.6 87.4 63.8 47.0 34.3 24.4 16.4 9.9 4.5 0.0
201.9 124.6 87.4 63.8 47.0 34.3 24.4 16.4 9.9 4.5 0.0
201.8 124.6 87.4 63.8 47.0 34.3 24.4 16.4 9.9 4.5 0.0
201.8 124.6 87.4 63.8 47.0 34.3 24.4 16.4 9.9 4.5 0.0
201.8 124.6 87.4 63.8 47.0 34.3 24.4 16.4 9.9 4.5 0.0
201.8 124.5 87.4 63.8 47.0 34.3 24.4 16.4 9.9 4.5 0.0
201.7 124.5 87.4 63.8 47.0 34.3 24.4 16.4 9.9 4.5 0.0
201.7 124.5 87.4 63.8 47.0 34.3 24.4 16.4 9.9 4.5 0.0
201.7 124.5 87.4 63.8 47.0 34.3 24.4 16.4 9.9 4.5 0.0
201.7 124.5 87.4 63.8 47.0 34.3 24.4 16.4 9.9 4.5 0.0
201.6 124.5 87.4 63.8 47.0 34.3 24.4 16.4 9.9 4.5 0.0
201.6 124.5 87.4 63.8 47.0 34.3 24.4 16.4 9.9 4.5 0.0
201.6 124.5 87.4 63.8 47.0 34.3 24.4 16.4 9.9 4.5 0.0
201.6 124.5 87.4 63.8 47.0 34.3 24.4 16.4 9.9 4.5 0.0
201.5 124.5 87.4 63.8 47.0 34.3 24.4 16.4 9.9 4.5 0.0
201.5 124.4 87.4 63.8 47.0 34.3 24.4 16.4 9.9 4.5 0.0
201.5 124.4 87.4 63.8 47.0 34.3 24.4 16.4 9.9 4.5 0.0
201.5 124.4 87.4 63.8 47.0 34.3 24.4 16.4 9.9 4.5 0.0
201.4 124.4 87.4 63.8 47.0 34.3 24.4 16.4 9.9 4.5 0.0
201.4 124.4 87.4 63.8 47.0 34.3 24.4 16.4 9.9 4.5 0.0
201.4 124.4 87.4 63.8 47.0 34.3 24.4 16.4 9.9 4.5 0.0
201.3 124.4 87.4 63.8 47.0 34.3 24.4 16.4 9.9 4.5 0.0
201.3 124.4 87.4 63.8 47.0 34.3 24.4 16.4 9.9 4.5 0.0
201.3 124.4 87.4 63.8 47.0 34.3 24.4 16.4 9.9 4.5 0.0
201.3 124.3 87.4 63.8 47.0 34.3 24.4 16.4 9.9 4.5 0.0
201.2 124.3 87.4 63.8 47.0 34.3 24.4 16.4 9.9 4.5 0.0
201.2 124.3 87.4 63.8 47.0 34.3 24.4 16.4 9.9 4.5 0.0
201.2 124.3 87.4 63.8 47.0 34.3 24.4 16.4 9.9 4.5 0.0
201.1 124.3 87.4 63.8 47.0 34.3 24.4 16.4 9.9 4.5 0.0
201.1 124.3 87.4 63.8 47.0 34.3 24.4 16.4 9.9 4.5 0.0
201.1 124.3 87.4 63.8 47.0 34.3 24.4 16.4 9.9 4.5 0.0
201.0 124.3 87.4 63.8 47.0 34.3 24.4 16.4 9.9 4.5 0.0
201.0 124.2 87.3 63.8 47.0 34.3 24.4 16.4 9.9 4.5 0.0
201.0 124.2 87.3 63.8 47.0 34.3 24.4 16.4 9.9 4.5 0.0
200.9 124.2 87.3 63.8 47.0 34.3 24.4 16.4 9.9 4.5 0.0
200.9 124.2 87.3 63.8 47.0 34.3 24.4 16.4 9.9 4.5 0.0
200.9 124.2 87.3 63.8 47.0 34.3 24.4 16.4 9.9 4.5 0.0
200.8 124.2 87.3 63.8 47.0 34.3 24.4 16.4 9.9 4.5 0.0
200.8 124.2 87.3 63.8 47.0 34.3 24.4 16.4 9.9 4.5 0.0
200.8 124.1 87.3 63.8 47.0 34.3 24.4 16.4 9.9 4.5 0.0
200.7 124.1 87.3 63.8 47.0 34.3 24.4 16.4 9.9 4.5 0.0
200.7 124.1 87.3 63.7 47.0 34.3 24.4 16.4 9.9 4.5 0.0
200.7 124.1 87.3 63.7 47.0 34.3 24.4 16.4 9.9 4.5 0.0
200.6 124.1 87.3 63.7 47.0 34.3 24.4 16.4 9.9 4.5 0.0
200.6 124.1 87.3 63.7 47.0 34.3 24.4 16.4 9.9 4.5 0.0
200.5 124.1 87.3 63.7 47.0 34.3 24.4 16.4 9.9 4.5 0.0
200.5 124.0 87.3 63.7 47.0 34.3 24.4 16.4 9.9 4.5 0.0
200.5 124.0 87.3 63.7 47.0 34.3 24.4 16.4 9.9 4.5 0.0
200.4 124.0 87.3 63.7 47.0 34.3 24.4 16.4 9.9 4.5 0.0
200.4 124.0 87.3 63.7 47.0 34.3 24.4 16.4 9.9 4.5 0.0
200.3 124.0 87.3 63.7 47.0 34.3 24.4 16.4 9.9 4.5 0.0
200.3 123.9 87.3 63.7 47.0 34.3 24.4 16.4 9.9 4.5 0.0
200.3 123.9 87.3 63.7 47.0 34.3 24.4 16.4 9.9 4.5 0.0
200.2 123.9 87.2 63.7 47.0 34.3 24.4 16.4 9.9 4.5 0.0
200.2 123.9 87.2 63.7 47.0 34.3 24.4 16.4 9.9 4.5 0.0
200.1 123.9 87.2 63.7 47.0 34.3 24.4 16.4 9.9 4.5 0.0
200.1 123.9 87.2 63.7 47.0 34.3 24.4 16.4 9.9 4.5 0.0
200.1 123.8 87.2 63.7 47.0 34.3 24.4 16.4 9.9 4.5 0.0
200.0 123.8 87.2 63.7 47.0 34.3 24.4 16.4 9.9 4.5 0.0
200.0 123.8 87.2 63.7 47.0 34.3 24.4 16.4 9.9 4.5 0.0
199.9 123.8 87.2 63.7 47.0 34.3 24.4 16.4 9.9 4.5 0.0
199.9 123.8 87.2 63.7 47.0 34.3 24.4 16.4 9.9 4.5 0.0
199.8 123.7 87.2 63.7 47.0 34.3 24.4 16.4 9.9 4.5 0.0
199.8 123.7 87.2 63.7 47.0 34.3 24.4 16.4 9.9 4.5 0.0
199.7 123.7 87.2 63.7 47.0 34.3 24.4 16.4 9.9 4.5 0.0
199.7 123.7 87.2 63.7 47.0 34.3 24.4 16.4 9.9 4.5 0.0
199.6 123.7 87.2 63.7 47.0 34.3 24.4 16.4 9.9 4.5 0.0
199.6 123.6 87.1 63.7 47.0 34.3 24.4 16.4 9.9 4.5 0.0
199.5 123.6 87.1 63.7 47.0 34.3 24.4 16.4 9.9 4.5 0.0
199.5 123.6 87.1 63.7 47.0 34.3 24.4 16.4 9.9 4.5 0.0
199.4 123.6 87.1 63.7 47.0 34.3 24.4 16.4 9.9 4.5 0.0
199.4 123.5 87.1 63.7 47.0 34.3 24.4 16.4 9.9 4.5 0.0
199.3 123.5 87.1 63.7 47.0 34.3 24.4 16.4 9.9 4.5 0.0
199.3 123.5 87.1 63.7 47.0 34.3 24.4 16.4 9.9 4.5 0.0
199.2 123.5 87.1 63.7 47.0 34.3 24.4 16.4 9.9 4.5 0.0
199.2 123.5 87.1 63.7 47.0 34.3 24.4 16.4 9.9 4.5 0.0
199.1 123.4 87.1 63.7 47.0 34.3 24.4 16.4 9.9 4.5 0.0
199.0 123.4 87.1 63.7 47.0 34.3 24.4 16.4 9.9 4.5 0.0
199.0 123.4 87.0 63.7 47.0 34.3 24.4 16.4 9.9 4.5 0.0
198.9 123.4 87.0 63.7 47.0 34.3 24.4 16.4 9.9 4.5 0.0
198.9 123.3 87.0 63.7 47.0 34.3 24.4 16.4 9.9 4.5 0.0
198.8 123.3 87.0 63.7 47.0 34.3 24.4 16.4 9.9 4.5 0.0
198.7 123.3 87.0 63.7 47.0 34.3 24.4 16.4 9.9 4.5 0.0
198.7 123.3 87.0 63.7 47.0 34.3 24.4 16.4 9.9 4.5 0.0
198.6 123.2 87.0 63.7 47.0 34.3 24.4 16.4 9.9 4.5 0.0
198.5 123.2 87.0 63.7 47.0 34.3 24.4 16.4 9.9 4.5 0.0
198.5 123.2 86.9 63.7 47.0 34.3 24.4 16.4 9.9 4.5 0.0
198.4 123.1 86.9 63.7 47.0 34.3 24.4 16.4 9.9 4.5 0.0
198.3 123.1 86.9 63.7 47.0 34.3 24.4 16.4 9.9 4.5 0.0
198.3 123.1 86.9 63.7 47.0 34.3 24.4 16.4 9.9 4.5 0.0
198.2 123.1 86.9 63.7 47.0 34.3 24.4 16.4 9.9 4.5 0.0
198.1 123.0 86.9 63.6 47.0 34.3 24.4 16.4 9.9 4.5 0.0
198.0 123.0 86.9 63.6 47.0 34.3 24.4 16.4 9.9 4.5 0.0
197.9 123.0 86.8 63.6 47.0 34.3 24.4 16.4 9.9 4.5 0.0
197.9 122.9 86.8 63.6 46.9 34.3 24.4 16.4 9.9 4.5 0.0
197.8 122.9 86.8 63.6 46.9 34.3 24.4 16.4 9.9 4.5 0.0
197.7 122.9 86.8 63.6 46.9 34.3 24.4 16.4 9.9 4.5 0.0
197.6 122.9 86.8 63.6 46.9 34.3 24.4 16.4 9.9 4.5 0.0
197.5 122.8 86.8 63.6 46.9 34.3 24.4 16.4 9.9 4.5 0.0
197.4 122.8 86.7 63.6 46.9 34.3 24.4 16.4 9.9 4.5 0.0
197.3 122.8 86.7 63.6 46.9 34.3 24.4 16.4 9.9 4.5 0.0
197.3 122.7 86.7 63.6 46.9 34.3 24.4 16.4 9.9 4.5 0.0
197.2 122.7 86.7 63.6 46.9 34.3 24.4 16.4 9.9 4.5 0.0
197.1 122.7 86.7 63.6 46.9 34.3 24.4 16.4 9.9 4.5 0.0
197.0 122.6 86.7 63.6 46.9 34.3 24.4 16.4 9.9 4.5 0.0
196.9 122.6 86.6 63.6 46.9 34.3 24.4 16.4 9.9 4.5 0.0
196.8 122.6 86.6 63.6 46.9 34.3 24.4 16.4 9.9 4.5 0.0
196.7 122.5 86.6 63.6 46.9 34.3 24.4 16.4 9.9 4.5 0.0
196.6 122.5 86.6 63.5 46.9 34.3 24.4 16.4 9.9 4.5 0.0
196.4 122.5 86.6 63.5 46.9 34.3 24.4 16.4 9.9 4.5 0.0
196.3 122.4 86.5 63.5 46.9 34.3 24.4 16.4 9.9 4.5 0.0
196.2 122.4 86.5 63.5 46.9 34.3 24.4 16.4 9.9 4.5 0.0
196.1 122.4 86.5 63.5 46.9 34.3 24.4 16.4 9.9 4.5 0.0
196.0 122.3 86.5 63.5 46.9 34.3 24.4 16.4 9.9 4.5 0.0
195.9 122.3 86.4 63.5 46.9 34.3 24.4 16.4 9.9 4.5 0.0
195.7 122.2 86.4 63.5 46.9 34.3 24.4 16.4 9.9 4.5 0.0
195.6 122.2 86.4 63.5 46.9 34.3 24.4 16.4 9.9 4.5 0.0
195.5 122.2 86.4 63.5 46.9 34.3 24.4 16.4 9.9 4.5 0.0
195.4 122.1 86.3 63.5 46.9 34.3 24.4 16.4 9.9 4.5 0.0
195.2 122.1 86.3 63.5 46.9 34.3 24.4 16.4 9.9 4.5 0.0
195.1 122.0 86.3 63.4 46.9 34.3 24.4 16.4 9.9 4.5 0.0
194.9 122.0 86.3 63.4 46.9 34.3 24.4 16.4 9.9 4.5 0.0
194.8 121.9 86.2 63.4 46.9 34.3 24.4 16.4 9.9 4.5 0.0
194.7 121.9 86.2 63.4 46.9 34.3 24.4 16.4 9.9 4.5 0.0
194.5 121.9 86.2 63.4 46.9 34.3 24.4 16.4 9.9 4.5 0.0
194.4 121.8 86.2 63.4 46.9 34.3 24.4 16.4 9.9 4.5 0.0
194.2 121.8 86.1 63.4 46.9 34.3 24.4 16.4 9.9 4.5 0.0
194.0 121.7 86.1 63.4 46.9 34.3 24.4 16.4 9.9 4.5 0.0
193.9 121.7 86.1 63.3 46.9 34.3 24.4 16.4 9.9 4.5 0.0
193.7 121.6 86.0 63.3 46.9 34.3 24.4 16.4 9.9 4.5 0.0
193.5 121.6 86.0 63.3 46.9 34.3 24.4 16.4 9.9 4.5 0.0
193.4 121.5 86.0 63.3 46.9 34.3 24.4 16.4 9.9 4.5 0.0
193.2 121.5 86.0 63.3 46.9 34.3 24.4 16.4 9.9 4.5 0.0
193.0 121.4 85.9 63.3 46.9 34.3 24.4 16.4 9.9 4.5 0.0
192.8 121.4 85.9 63.3 46.9 34.3 24.4 16.4 9.9 4.5 0.0
192.6 121.3 85.9 63.2 46.8 34.3 24.4 16.4 9.9 4.5 0.0
192.5 121.3 85.8 63.2 46.8 34.3 24.4 16.4 9.9 4.5 0.0
192.3 121.2 85.8 63.2 46.8 34.3 24.4 16.4 9.9 4.5 0.0
192.1 121.1 85.8 63.2 46.8 34.3 24.4 16.4 9.9 4.5 0.0
191.9 121.1 85.7 63.2 46.8 34.3 24.4 16.4 9.9 4.5 0.0
191.6 121.0 85.7 63.2 46.8 34.3 24.4 16.4 9.9 4.5 0.0
191.4 121.0 85.6 63.1 46.8 34.3 24.4 16.4 9.9 4.5 0.0
191.2 120.9 85.6 63.1 46.8 34.3 24.4 16.4 9.9 4.5 0.0
191.0 120.9 85.6 63.1 46.8 34.3 24.4 16.4 9.9 4.5 0.0
190.8 120.8 85.5 63.1 46.8 34.3 24.4 16.4 9.9 4.5 0.0
190.5 120.7 85.5 63.1 46.8 34.3 24.4 16.4 9.9 4.5 0.0
190.3 120.7 85.5 63.0 46.8 34.3 24.4 16.4 9.9 4.5 0.0
190.0 120.6 85.4 63.0 46.8 34.3 24.4 16.4 9.9 4.5 0.0
189.8 120.5 85.4 63.0 46.8 34.3 24.4 16.4 9.9 4.5 0.0
189.5 120.5 85.3 63.0 46.7 34.3 24.4 16.4 9.9 4.5 0.0
189.3 120.4 85.3 62.9 46.7 34.3 24.4 16.4 9.9 4.5 0.0
189.0 120.3 85.3 62.9 46.7 34.3 24.4 16.4 9.9 4.5 0.0
188.7 120.3 85.2 62.9 46.7 34.3 24.4 16.4 9.9 4.5 0.0
188.4 120.2 85.2 62.9 46.7 34.3 24.4 16.4 9.9 4.5 0.0
188.2 120.1 85.1 62.8 46.7 34.2 24.4 16.4 9.9 4.5 0.0
187.9 120.0 85.1 62.8 46.7 34.2 24.4 16.4 9.9 4.5 0.0
187.6 120.0 85.0 62.8 46.7 34.2 24.4 16.4 9.9 4.5 0.0
187.3 119.9 85.0 62.7 46.7 34.2 24.4 16.4 9.9 4.5 0.0
186.9 119.8 85.0 62.7 46.7 34.2 24.4 16.4 9.9 4.5 0.0
186.6 119.7 84.9 62.7 46.6 34.2 24.4 16.4 9.9 4.5 0.0
186.3 119.7 84.9 62.7 46.6 34.2 24.4 16.4 9.9 4.5 0.0
186.0 119.6 84.8 62.6 46.6 34.2 24.4 16.4 9.9 4.5 0.0
185.6 119.5 84.8 62.6 46.6 34.2 24.4 16.4 9.9 4.5 0.0
185.3 119.4 84.7 62.6 46.6 34.2 24.4 16.4 9.9 4.5 0.0
184.9 119.3 84.7 62.5 46.6 34.2 24.4 16.4 9.9 4.5 0.0
184.5 119.2 84.6 62.5 46.6 34.2 24.4 16.4 9.9 4.5 0.0
184.2 119.1 84.6 62.5 46.5 34.2 24.4 16.4 9.9 4.5 0.0
183.8 119.0 84.5 62.4 46.5 34.2 24.4 16.4 9.9 4.5 0.0
183.4 119.0 84.5 62.4 46.5 34.2 24.4 16.4 9.9 4.5 0.0
183.0 118.9 84.4 62.4 46.5 34.2 24.4 16.4 9.9 4.5 0.0
182.6 118.8 84.4 62.3 46.5 34.2 24.4 16.4 9.9 4.5 0.0
182.1 118.7 84.3 62.3 46.4 34.2 24.4 16.4 9.9 4.5 0.0
181.7 118.6 84.2 62.2 46.4 34.2 24.4 16.4 9.9 4.5 0.0
181.3 118.5 84.2 62.2 46.4 34.2 24.4 16.4 9.9 4.5 0.0
180.8 118.3 84.1 62.2 46.4 34.1 24.4 16.4 9.9 4.5 0.0
180.3 118.2 84.1 62.1 46.4 34.1 24.3 16.4 9.9 4.5 0.0
179.9 118.1 84.0 62.1 46.3 34.1 24.3 16.4 9.9 4.5 0.0
179.4 118.0 83.9 62.0 46.3 34.1 24.3 16.4 9.9 4.5 0.0
178.9 117.9 83.9 62.0 46.3 34.1 24.3 16.4 9.9 4.5 0.0
178.4 117.8 83.8 61.9 46.3 34.1 24.3 16.4 9.9 4.5 0.0
177.8 117.6 83.7 61.9 46.2 34.1 24.3 16.4 9.9 4.5 0.0
177.3 117.5 83.7 61.8 46.2 34.1 24.3 16.4 9.9 4.5 0.0
176.8 117.4 83.6 61.8 46.2 34.1 24.3 16.4 9.9 4.5 0.0
176.2 117.2 83.5 61.7 46.2 34.1 24.3 16.4 9.9 4.5 0.0
175.6 117.1 83.4 61.7 46.1 34.0 24.3 16.4 9.9 4.5 0.0
175.1 116.9 83.4 61.6 46.1 34.0 24.3 16.4 9.9 4.5 0.0
174.5 116.8 83.3 61.6 46.1 34.0 24.3 16.4 9.9 4.5 0.0
173.8 116.6 83.2 61.5 46.0 34.0 24.3 16.4 9.9 4.5 0.0
173.2 116.5 83.1 61.5 46.0 34.0 24.3 16.4 9.9 4.5 0.0
172.6 116.3 83.0 61.4 46.0 34.0 24.3 16.4 9.9 4.5 0.0
171.9 116.1 83.0 61.4 45.9 34.0 24.3 16.4 9.9 4.5 0.0
171.3 115.9 82.9 61.3 45.9 33.9 24.3 16.4 9.9 4.5 0.0
170.6 115.8 82.8 61.3 45.9 33.9 24.3 16.4 9.9 4.5 0.0
169.9 115.6 82.7 61.2 45.8 33.9 24.3 16.4 9.9 4.5 0.0
169.2 115.4 82.6 61.2 45.8 33.9 24.3 16.4 9.9 4.5 0.0
168.4 115.2 82.5 61.1 45.7 33.9 24.3 16.4 9.9 4.5 0.0
167.7 115.0 82.4 61.0 45.7 33.9 24.3 16.4 9.9 4.5 0.0
166.9 114.8 82.3 61.0 45.6 33.8 24.3 16.4 9.9 4.5 0.0
166.1 114.5 82.2 60.9 45.6 33.8 24.3 16.4 9.9 4.5 0.0
165.3 114.3 82.1 60.9 45.6 33.8 24.2 16.4 9.9 4.5 0.0
164.5 114.1 82.0 60.8 45.5 33.8 24.2 16.4 9.9 4.5 0.0
163.7 113.8 81.9 60.7 45.5 33.7 24.2 16.4 9.9 4.5 0.0
162.8 113.6 81.8 60.7 45.4 33.7 24.2 16.4 9.9 4.5 0.0
162.0 113.3 81.7 60.6 45.4 33.7 24.2 16.4 9.9 4.5 0.0
161.1 113.0 81.5 60.5 45.3 33.7 24.2 16.4 9.9 4.5 0.0
160.2 112.7 81.4 60.4 45.3 33.6 24.2 16.4 9.9 4.5 0.0
159.3 112.4 81.3 60.4 45.2 33.6 24.2 16.4 9.9 4.5 0.0
158.3 112.1 81.2 60.3 45.2 33.6 24.2 16.4 9.9 4.5 0.0
157.4 111.8 81.1 60.2 45.1 33.5 24.2 16.4 9.9 4.5 0.0
156.4 111.5 80.9 60.1 45.1 33.5 24.1 16.4 9.9 4.5 0.0
155.4 111.2 80.8 60.0 45.0 33.5 24.1 16.4 9.9 4.5 0.0
154.4 110.8 80.6 60.0 44.9 33.4 24.1 16.4 9.9 4.5 0.0
153.3 110.4 80.5 59.9 44.9 33.4 24.1 16.3 9.9 4.5 0.0
152.3 110.1 80.4 59.8 44.8 33.4 24.1 16.3 9.9 4.5 0.0
151.2 109.7 80.2 59.7 44.8 33.3 24.1 16.3 9.9 4.5 0.0
150.1 109.3 80.0 59.6 44.7 33.3 24.0 16.3 9.9 4.5 0.0
148.9 108.8 79.9 59.5 44.6 33.2 24.0 16.3 9.9 4.5 0.0
147.8 108.4 79.7 59.4 44.6 33.2 24.0 16.3 9.9 4.5 0.0
146.6 107.9 79.5 59.3 44.5 33.1 24.0 16.3 9.9 4.5 0.0
145.4 107.5 79.3 59.2 44.4 33.1 24.0 16.3 9.9 4.5 0.0
144.2 107.0 79.1 59.1 44.4 33.1 23.9 16.3 9.9 4.5 0.0
143.0 106.5 78.9 58.9 44.3 33.0 23.9 16.3 9.9 4.5 0.0
141.7 105.9 78.7 58.8 44.2 33.0 23.9 16.3 9.9 4.5 0.0
140.5 105.4 78.5 58.7 44.1 32.9 23.9 16.3 9.9 4.5 0.0
139.2 104.8 78.2 58.6 44.1 32.8 23.8 16.3 9.9 4.5 0.0
137.9 104.2 78.0 58.4 44.0 32.8 23.8 16.3 9.9 4.5 0.0
136.5 103.6 77.8 58.3 43.9 32.7 23.8 16.2 9.9 4.5 0.0
135.1 103.0 77.5 58.2 43.8 32.7 23.7 16.2 9.9 4.5 0.0
133.8 102.3 77.2 58.0 43.7 32.6 23.7 16.2 9.9 4.5 0.0
132.4 101.7 76.9 57.9 43.6 32.5 23.7 16.2 9.9 4.5 0.0
130.9 101.0 76.6 57.7 43.5 32.5 23.6 16.2 9.9 4.5 0.0
129.5 100.2 76.3 57.6 43.4 32.4 23.6 16.2 9.9 4.5 0.0
128.0 99.5 76.0 57.4 43.3 32.3 23.5 16.2 9.8 4.5 0.0
126.5 98.7 75.6 57.2 43.2 32.3 23.5 16.1 9.8 4.5 0.0
125.0 97.9 75.3 57.1 43.1 32.2 23.5 16.1 9.8 4.5 0.0
123.5 97.1 74.9 56.9 43.0 32.1 23.4 16.1 9.8 4.5 0.0
121.9 96.2 74.5 56.7 42.9 32.1 23.4 16.1 9.8 4.5 0.0
120.3 95.3 74.1 56.5 42.8 32.0 23.3 16.1 9.8 4.5 0.0
118.7 94.4 73.6 56.3 42.6 31.9 23.3 16.0 9.8 4.5 0.0
117.1 93.5 73.2 56.1 42.5 31.8 23.2 16.0 9.8 4.5 0.0
115.5 92.5 72.7 55.8 42.4 31.7 23.2 16.0 9.8 4.5 0.0
113.8 91.5 72.2 55.6 42.2 31.7 23.1 16.0 9.8 4.5 0.0
112.1 90.5 71.6 55.3 42.1 31.6 23.0 15.9 9.8 4.5 0.0
110.4 89.4 71.1 55.1 41.9 31.5 23.0 15.9 9.8 4.5 0.0
108.7 88.3 70.5 54.8 41.8 31.4 22.9 15.9 9.8 4.5 0.0
107.0 87.2 69.9 54.5 41.6 31.3 22.8 15.8 9.8 4.5 0.0
105.2 86.0 69.2 54.2 41.4 31.2 22.8 15.8 9.7 4.5 0.0
103.5 84.9 68.5 53.8 41.2 31.1 22.7 15.8 9.7 4.5 0.0
101.7 83.7 67.8 53.5 41.0 30.9 22.6 15.7 9.7 4.5 0.0
99.9 82.4 67.1 53.1 40.8 30.8 22.6 15.7 9.7 4.5 0.0
98.0 81.1 66.3 52.7 40.6 30.7 22.5 15.6 9.7 4.5 0.0
96.2 79.8 65.5 52.2 40.4 30.6 22.4 15.6 9.7 4.5 0.0
94.4 78.5 64.6 51.8 40.2 30.4 22.3 15.5 9.6 4.5 0.0
92.5 77.1 63.8 51.3 39.9 30.3 22.2 15.5 9.6 4.5 0.0
90.6 75.8 62.9 50.8 39.7 30.1 22.1 15.4 9.6 4.5 0.0
88.7 74.3 61.9 50.2 39.4 29.9 22.0 15.3 9.6 4.5 0.0
86.8 72.9 60.9 49.7 39.1 29.8 21.9 15.3 9.6 4.5 0.0
84.9 71.4 59.9 49.1 38.8 29.6 21.8 15.2 9.5 4.4 0.0
82.9 69.9 58.8 48.4 38.4 29.4 21.7 15.2 9.5 4.4 0.0
81.0 68.4 57.7 47.7 38.1 29.2 21.6 15.1 9.5 4.4 0.0
79.0 66.9 56.6 47.0 37.7 29.0 21.5 15.0 9.4 4.4 0.0
77.0 65.3 55.4 46.2 37.2 28.7 21.3 14.9 9.4 4.4 0.0
75.1 63.7 54.2 45.4 36.8 28.5 21.2 14.8 9.3 4.4 0.0
73.1 62.1 52.9 44.6 36.3 28.2 21.0 14.8 9.3 4.4 0.0
71.0 60.5 51.7 43.7 35.7 28.0 20.9 14.7 9.3 4.4 0.0
69.0 58.8 50.3 42.7 35.2 27.7 20.7 14.6 9.2 4.4 0.0
67.0 57.1 49.0 41.7 34.5 27.3 20.5 14.5 9.2 4.4 0.0
64.9 55.4 47.6 40.7 33.9 27.0 20.3 14.4 9.1 4.3 0.0
62.9 53.7 46.2 39.6 33.2 26.6 20.1 14.3 9.0 4.3 0.0
60.8 52.0 44.8 38.5 32.4 26.1 19.9 14.1 9.0 4.3 0.0
58.8 50.3 43.3 37.3 31.6 25.7 19.6 14.0 8.9 4.3 0.0
56.7 48.5 41.8 36.1 30.8 25.2 19.3 13.8 8.8 4.3 0.0
54.6 46.7 40.3 34.9 29.8 24.6 19.1 13.7 8.7 4.2 0.0
52.4 44.9 38.8 33.6 28.9 24.0 18.7 13.5 8.7 4.2 0.0
50.3 43.1 37.2 32.3 27.9 23.3 18.4 13.3 8.6 4.2 0.0
48.1 41.3 35.6 30.9 26.8 22.6 18.0 13.1 8.5 4.1 0.0
45.8 39.5 34.0 29.6 25.7 21.8 17.5 12.9 8.4 4.1 0.0
43.6 37.6 32.4 28.1 24.5 21.0 17.0 12.6 8.3 4.1 0.0
41.2 35.7 30.8 26.7 23.3 20.0 16.5 12.3 8.1 4.0 0.0
38.9 33.7 29.1 25.3 22.0 19.1 15.8 12.0 8.0 3.9 0.0
36.5 31.7 27.4 23.8 20.7 18.0 15.1 11.7 7.8 3.9 0.0
34.0 29.6 25.7 22.3 19.4 16.9 14.4 11.3 7.6 3.8 0.0
31.5 27.5 23.9 20.7 18.0 15.8 13.5 10.8 7.4 3.7 0.0
29.0 25.4 22.1 19.2 16.7 14.6 12.6 10.2 7.1 3.7 0.0
26.5 23.2 20.2 17.6 15.2 13.3 11.6 9.6 6.9 3.6 0.0
23.9 21.0 18.3 15.9 13.8 12.0 10.5 8.9 6.5 3.5 0.0
21.3 18.7 16.3 14.2 12.3 10.7 9.4 8.0 6.1 3.3 0.0
18.6 16.4 14.3 12.4 10.8 9.4 8.2 7.1 5.6 3.1 0.0
15.7 13.9 12.2 10.6 9.2 8.0 7.0 6.1 5.0 2.9 0.0
12.8 11.4 10.0 8.8 7.6 6.6 5.7 5.0 4.2 2.7 0.0
9.8 8.7 7.7 6.8 5.9 5.1 4.4 3.8 3.3 2.3 0.0
6.6 5.9 5.3 4.6 4.0 3.5 3.0 2.6 2.3 1.8 0.0
3.4 3.0 2.7 2.4 2.1 1.8 1.6 1.3 1.2 1.0 0.0
0.0 0.0 0.0 0.0 0.0 0.0 0.0 0.0 0.0 0.0 0.0
