-1196 -1196 -1196 -1196 -1196 -1196 -1196 -1195 -1195 -1195 -1195 -1195 -1195 -1195 -1194 -1194 -1194 -1194 -1194 -1194 -1193 -1193 -1193 -1193 -1192 -1189 -1188 -1187 -1187 -1187 -1187 -1187 -1187 -1186 -1185 -1186 -1185 -1184 -1185 -1184 -1183 -1183 -1183 -1182 -1183 -1184 -1183 -1184 -1185 -1184 -1185 -1186 -1185 -1186 -1187 -1186 -1187 -1188 -1187 -1188 -1189 -1188 -1189 -1190 -1189 -1190 -1191 -1190 -1191 -1192 -1191 -1192 -1193 -1192 -1193 -1194 -1193 -1194 -1195 -1194 -1195 -1196 -1195 -1196 -1197 -1196 -1197 -1198 -1196 -1197 -1198 -1196 -1196 -1198 -1195 -1196 -1197 -1194 -1193 -1195
-1196 -1196 -1196 -1196 -1196 -1196 -1196 -1195 -1195 -1195 -1195 -1195 -1195 -1195 -1194 -1194 -1194 -1194 -1194 -1193 -1193 -1193 -1192 -1192 -1188 -1188 -1188 -1187 -1187 -1187 -1187 -1186 -1186 -1185 -1184 -1185 -1184 -1183 -1183 -1183 -1182 -1183 -1182 -1181 -1182 -1183 -1182 -1183 -1184 -1183 -1184 -1185 -1184 -1185 -1186 -1185 -1186 -1187 -1186 -1187 -1188 -1187 -1189 -1190 -1189 -1190 -1191 -1190 -1191 -1192 -1191 -1192 -1193 -1192 -1193 -1194 -1193 -1194 -1195 -1194 -1195 -1196 -1195 -1196 -1197 -1196 -1197 -1198 -1196 -1197 -1198 -1196 -1196 -1198 -1194 -1195 -1196 -1194 -1193 -1194
-1196 -1196 -1196 -1196 -1196 -1196 -1196 -1195 -1195 -1195 -1195 -1195 -1195 -1195 -1194 -1194 -1194 -1194 -1194 -1193 -1193 -1193 -1189 -1188 -1188 -1187 -1187 -1187 -1187 -1187 -1186 -1185 -1185 -1184 -1183 -1183 -1183 -1182 -1183 -1182 -1181 -1182 -1181 -1181 -1180 -1182 -1182 -1181 -1183 -1183 -1182 -1184 -1184 -1183 -1185 -1185 -1184 -1186 -1186 -1185 -1187 -1187 -1188 -1189 -1188 -1190 -1191 -1190 -1191 -1192 -1191 -1192 -1193 -1192 -1193 -1194 -1193 -1194 -1195 -1194 -1195 -1196 -1195 -1196 -1197 -1196 -1197 -1198 -1196 -1197 -1198 -1195 -1195 -1197 -1194 -1193 -1195 -1192 -1192 -1194
-1196 -1196 -1196 -1196 -1196 -1196 -1196 -1195 -1195 -1195 -1195 -1195 -1195 -1194 -1194 -1194 -1194 -1194 -1193 -1193 -1193 -1189 -1188 -1188 -1188 -1187 -1187 -1187 -1186 -1186 -1185 -1184 -1183 -1183 -1182 -1183 -1182 -1181 -1182 -1181 -1181 -1180 -1180 -1179 -1180 -1181 -1180 -1181 -1182 -1181 -1182 -1183 -1182 -1183 -1184 -1183 -1184 -1185 -1184 -1185 -1186 -1185 -1186 -1188 -1188 -1189 -1190 -1189 -1191 -1192 -1191 -1192 -1193 -1192 -1193 -1194 -1193 -1194 -1195 -1194 -1195 -1196 -1195 -1196 -1197 -1196 -1197 -1198 -1195 -1196 -1197 -1195 -1194 -1196 -1193 -1193 -1194 -1191 -1191 -1192
-1196 -1196 -1196 -1196 -1196 -1196 -1196 -1195 -1195 -1195 -1195 -1195 -1195 -1194 -1194 -1194 -1194 -1193 -1193 -1193 -1189 -1188 -1188 -1188 -1187 -1187 -1187 -1187 -1186 -1185 -1184 -1183 -1183 -1182 -1181 -1182 -1181 -1181 -1180 -1180 -1179 -1180 -1179 -1177 -1179 -1180 -1178 -1180 -1181 -1179 -1181 -1182 -1180 -1182 -1183 -1181 -1183 -1184 -1182 -1184 -1185 -1183 -1186 -1187 -1186 -1187 -1189 -1189 -1190 -1191 -1190 -1191 -1192 -1191 -1192 -1193 -1192 -1193 -1194 -1193 -1194 -1195 -1194 -1195 -1196 -1195 -1196 -1197 -1195 -1194 -1196 -1193 -1194 -1195 -1191 -1193 -1194 -1189 -1188 -1190
-1196 -1196 -1196 -1196 -1196 -1196 -1196 -1195 -1195 -1195 -1195 -1195 -1195 -1194 -1194 -1194 -1194 -1193 -1193 -1189 -1188 -1188 -1188 -1187 -1187 -1187 -1187 -1186 -1185 -1184 -1184 -1183 -1182 -1181 -1181 -1180 -1180 -1179 -1180 -1179 -1177 -1179 -1177 -1176 -1177 -1178 -1177 -1178 -1179 -1178 -1179 -1180 -1179 -1180 -1181 -1180 -1181 -1182 -1181 -1182 -1183 -1182 -1185 -1186 -1184 -1187 -1188 -1187 -1188 -1190 -1190 -1189 -1191 -1191 -1190 -1192 -1192 -1191 -1193 -1193 -1192 -1194 -1194 -1193 -1195 -1195 -1194 -1196 -1193 -1194 -1195 -1191 -1193 -1194 -1189 -1191 -1192 -1189 -1188 -1189
-1196 -1196 -1196 -1196 -1196 -1196 -1195 -1195 -1195 -1195 -1195 -1195 -1194 -1194 -1194 -1194 -1193 -1193 -1189 -1188 -1188 -1188 -1187 -1187 -1187 -1186 -1186 -1185 -1184 -1184 -1183 -1182 -1181 -1180 -1180 -1180 -1180 -1178 -1179 -1177 -1176 -1177 -1176 -1176 -1176 -1177 -1177 -1177 -1178 -1178 -1178 -1179 -1179 -1179 -1180 -1180 -1180 -1181 -1181 -1181 -1182 -1182 -1183 -1184 -1183 -1186 -1187 -1185 -1188 -1189 -1188 -1189 -1190 -1189 -1190 -1191 -1190 -1191 -1192 -1191 -1192 -1193 -1192 -1193 -1194 -1193 -1194 -1195 -1191 -1193 -1194 -1190 -1191 -1192 -1189 -1189 -1190 -1186 -1186 -1187
-1196 -1196 -1196 -1196 -1196 -1196 -1195 -1195 -1195 -1195 -1195 -1195 -1194 -1194 -1194 -1193 -1193 -1189 -1188 -1188 -1188 -1188 -1187 -1187 -1186 -1185 -1184 -1184 -1183 -1183 -1182 -1182 -1181 -1180 -1178 -1180 -1178 -1176 -1177 -1176 -1176 -1176 -1176 -1174 -1176 -1177 -1175 -1177 -1178 -1176 -1178 -1179 -1177 -1179 -1180 -1178 -1180 -1181 -1179 -1181 -1182 -1180 -1182 -1183 -1183 -1184 -1185 -1184 -1187 -1188 -1186 -1188 -1189 -1187 -1189 -1190 -1188 -1190 -1191 -1189 -1191 -1192 -1190 -1192 -1193 -1191 -1193 -1194 -1190 -1191 -1192 -1190 -1189 -1191 -1187 -1189 -1190 -1186 -1186 -1186
-1196 -1196 -1196 -1196 -1196 -1196 -1195 -1195 -1195 -1195 -1195 -1195 -1194 -1194 -1194 -1193 -1190 -1189 -1188 -1188 -1188 -1187 -1186 -1186 -1185 -1184 -1184 -1183 -1182 -1181 -1181 -1180 -1180 -1178 -1176 -1178 -1176 -1176 -1176 -1176 -1174 -1176 -1175 -1174 -1173 -1176 -1175 -1174 -1177 -1176 -1175 -1178 -1177 -1176 -1179 -1178 -1177 -1180 -1179 -1178 -1181 -1180 -1182 -1183 -1181 -1183 -1184 -1184 -1185 -1186 -1185 -1186 -1187 -1186 -1187 -1188 -1187 -1188 -1189 -1188 -1189 -1190 -1189 -1190 -1191 -1190 -1191 -1192 -1190 -1190 -1191 -1187 -1189 -1190 -1187 -1186 -1188 -1186 -1186 -1186
-1196 -1196 -1196 -1196 -1196 -1195 -1195 -1195 -1195 -1195 -1195 -1194 -1194 -1194 -1193 -1189 -1189 -1188 -1188 -1188 -1187 -1186 -1185 -1184 -1184 -1183 -1183 -1182 -1182 -1181 -1180 -1178 -1178 -1176 -1176 -1176 -1176 -1175 -1176 -1175 -1174 -1174 -1173 -1173 -1173 -1174 -1174 -1174 -1175 -1175 -1175 -1176 -1176 -1176 -1177 -1177 -1177 -1178 -1178 -1178 -1179 -1179 -1179 -1182 -1181 -1183 -1184 -1182 -1184 -1185 -1185 -1185 -1186 -1186 -1186 -1187 -1187 -1187 -1188 -1188 -1188 -1189 -1189 -1189 -1190 -1190 -1190 -1191 -1187 -1190 -1191 -1187 -1186 -1188 -1186 -1187 -1187 -1187 -1186 -1186
-1196 -1196 -1196 -1196 -1196 -1195 -1195 -1195 -1195 -1195 -1194 -1194 -1194 -1193 -1189 -1189 -1188 -1188 -1188 -1187 -1186 -1185 -1184 -1184 -1183 -1182 -1181 -1181 -1180 -1180 -1178 -1176 -1176 -1176 -1175 -1176 -1175 -1174 -1174 -1174 -1174 -1173 -1173 -1173 -1172 -1174 -1174 -1173 -1175 -1175 -1174 -1176 -1176 -1175 -1177 -1177 -1176 -1178 -1178 -1177 -1179 -1179 -1179 -1180 -1180 -1180 -1183 -1182 -1184 -1185 -1183 -1185 -1186 -1184 -1186 -1187 -1185 -1187 -1188 -1186 -1188 -1189 -1187 -1189 -1190 -1188 -1190 -1191 -1187 -1187 -1188 -1186 -1187 -1187 -1187 -1187 -1187 -1186 -1187 -1187
-1196 -1196 -1196 -1196 -1196 -1195 -1195 -1195 -1195 -1195 -1194 -1194 -1194 -1190 -1189 -1189 -1188 -1188 -1188 -1187 -1186 -1185 -1184 -1183 -1182 -1182 -1181 -1181 -1179 -1178 -1176 -1176 -1176 -1175 -1174 -1174 -1174 -1174 -1174 -1173 -1173 -1173 -1172 -1172 -1172 -1173 -1173 -1173 -1174 -1174 -1174 -1175 -1175 -1175 -1176 -1176 -1176 -1177 -1177 -1177 -1178 -1178 -1178 -1180 -1180 -1180 -1181 -1181 -1181 -1184 -1183 -1182 -1185 -1184 -1183 -1186 -1185 -1184 -1187 -1186 -1185 -1188 -1187 -1186 -1189 -1188 -1187 -1189 -1187 -1188 -1187 -1187 -1187 -1187 -1187 -1188 -1187 -1187 -1187 -1187
-1196 -1196 -1196 -1196 -1196 -1195 -1195 -1195 -1195 -1195 -1194 -1194 -1194 -1190 -1189 -1189 -1188 -1188 -1188 -1187 -1186 -1185 -1184 -1183 -1182 -1181 -1181 -1181 -1179 -1177 -1176 -1176 -1175 -1174 -1174 -1174 -1174 -1174 -1174 -1173 -1173 -1173 -1172 -1172 -1172 -1173 -1173 -1173 -1174 -1174 -1174 -1175 -1175 -1175 -1176 -1176 -1176 -1177 -1177 -1177 -1178 -1178 -1178 -1179 -1179 -1179 -1181 -1181 -1181 -1182 -1182 -1182 -1183 -1183 -1183 -1184 -1184 -1184 -1185 -1185 -1185 -1186 -1186 -1186 -1187 -1187 -1187 -1188 -1188 -1188 -1187 -1187 -1187 -1188 -1188 -1188 -1187 -1187 -1187 -1187
-1196 -1196 -1196 -1196 -1196 -1195 -1195 -1195 -1195 -1194 -1194 -1194 -1190 -1189 -1189 -1188 -1188 -1188 -1187 -1186 -1185 -1184 -1183 -1183 -1182 -1181 -1179 -1179 -1177 -1177 -1176 -1175 -1174 -1174 -1174 -1174 -1174 -1173 -1173 -1173 -1173 -1172 -1172 -1172 -1172 -1173 -1173 -1174 -1174 -1174 -1175 -1175 -1175 -1176 -1176 -1176 -1176 -1177 -1177 -1177 -1178 -1178 -1178 -1179 -1179 -1179 -1180 -1180 -1181 -1182 -1182 -1182 -1183 -1183 -1183 -1184 -1184 -1184 -1185 -1185 -1186 -1186 -1186 -1187 -1187 -1187 -1188 -1188 -1188 -1188 -1187 -1188 -1188 -1188 -1188 -1188 -1187 -1187 -1187 -1187
-1196 -1196 -1196 -1196 -1196 -1195 -1195 -1195 -1195 -1194 -1194 -1190 -1189 -1189 -1189 -1188 -1188 -1187 -1186 -1185 -1184 -1183 -1182 -1182 -1181 -1181 -1179 -1177 -1177 -1176 -1175 -1174 -1174 -1174 -1174 -1173 -1173 -1173 -1173 -1173 -1172 -1172 -1172 -1172 -1171 -1173 -1172 -1174 -1173 -1175 -1174 -1175 -1175 -1176 -1176 -1176 -1177 -1177 -1177 -1178 -1178 -1178 -1179 -1179 -1179 -1180 -1180 -1180 -1181 -1181 -1182 -1182 -1183 -1183 -1184 -1184 -1184 -1185 -1185 -1185 -1186 -1186 -1187 -1187 -1187 -1188 -1188 -1188 -1188 -1189 -1188 -1188 -1188 -1188 -1188 -1188 -1187 -1187 -1187 -1188
-1196 -1196 -1196 -1196 -1196 -1195 -1195 -1195 -1195 -1194 -1194 -1190 -1189 -1189 -1189 -1188 -1188 -1187 -1186 -1185 -1184 -1183 -1182 -1181 -1179 -1179 -1177 -1177 -1177 -1175 -1174 -1174 -1174 -1173 -1173 -1173 -1173 -1173 -1172 -1173 -1172 -1172 -1171 -1172 -1171 -1173 -1172 -1174 -1173 -1175 -1174 -1176 -1175 -1176 -1176 -1177 -1177 -1177 -1177 -1178 -1178 -1178 -1179 -1179 -1179 -1180 -1180 -1180 -1181 -1181 -1182 -1182 -1183 -1183 -1184 -1184 -1184 -1185 -1185 -1185 -1186 -1186 -1187 -1187 -1188 -1188 -1188 -1189 -1189 -1189 -1188 -1188 -1188 -1188 -1188 -1188 -1187 -1188 -1187 -1188
-1196 -1196 -1196 -1196 -1196 -1195 -1195 -1195 -1194 -1194 -1190 -1189 -1189 -1189 -1189 -1188 -1187 -1186 -1185 -1184 -1183 -1182 -1181 -1181 -1179 -1177 -1177 -1177 -1175 -1174 -1174 -1174 -1174 -1173 -1173 -1173 -1172 -1173 -1172 -1172 -1171 -1172 -1171 -1171 -1170 -1172 -1171 -1173 -1172 -1174 -1173 -1175 -1174 -1176 -1175 -1177 -1176 -1177 -1177 -1178 -1178 -1179 -1179 -1179 -1180 -1180 -1180 -1181 -1181 -1181 -1182 -1182 -1183 -1183 -1184 -1184 -1185 -1185 -1185 -1186 -1186 -1186 -1187 -1187 -1188 -1188 -1189 -1189 -1189 -1189 -1188 -1188 -1188 -1188 -1188 -1189 -1187 -1188 -1188 -1188
-1196 -1196 -1196 -1196 -1196 -1195 -1195 -1195 -1194 -1190 -1189 -1189 -1189 -1189 -1188 -1187 -1186 -1185 -1184 -1183 -1182 -1182 -1179 -1179 -1177 -1177 -1177 -1175 -1175 -1174 -1174 -1174 -1173 -1173 -1173 -1173 -1172 -1172 -1172 -1172 -1171 -1171 -1171 -1171 -1170 -1172 -1171 -1173 -1172 -1174 -1173 -1175 -1174 -1176 -1175 -1177 -1176 -1178 -1177 -1178 -1178 -1179 -1179 -1179 -1180 -1180 -1180 -1181 -1181 -1181 -1182 -1182 -1183 -1183 -1184 -1184 -1185 -1185 -1185 -1186 -1186 -1187 -1187 -1187 -1188 -1188 -1189 -1189 -1189 -1189 -1188 -1188 -1188 -1189 -1188 -1189 -1188 -1188 -1188 -1188
-1196 -1196 -1196 -1196 -1196 -1195 -1195 -1195 -1194 -1190 -1189 -1189 -1189 -1189 -1188 -1187 -1186 -1185 -1184 -1183 -1182 -1182 -1179 -1178 -1177 -1177 -1175 -1174 -1174 -1174 -1174 -1173 -1173 -1173 -1173 -1172 -1172 -1172 -1172 -1171 -1171 -1171 -1171 -1170 -1170 -1171 -1171 -1172 -1172 -1173 -1173 -1174 -1174 -1175 -1175 -1176 -1176 -1177 -1177 -1178 -1178 -1179 -1179 -1180 -1180 -1180 -1181 -1181 -1181 -1182 -1182 -1182 -1183 -1183 -1184 -1184 -1185 -1185 -1186 -1186 -1186 -1187 -1187 -1188 -1188 -1188 -1189 -1189 -1189 -1189 -1188 -1189 -1188 -1189 -1188 -1189 -1188 -1188 -1188 -1188
-1196 -1196 -1196 -1196 -1195 -1195 -1195 -1194 -1190 -1189 -1189 -1189 -1189 -1188 -1187 -1186 -1185 -1184 -1183 -1182 -1182 -1179 -1178 -1178 -1177 -1176 -1175 -1174 -1174 -1174 -1173 -1173 -1173 -1173 -1172 -1172 -1172 -1172 -1171 -1171 -1171 -1171 -1170 -1170 -1169 -1171 -1170 -1172 -1171 -1173 -1172 -1174 -1173 -1175 -1174 -1176 -1175 -1177 -1176 -1178 -1177 -1179 -1179 -1180 -1180 -1180 -1181 -1181 -1181 -1182 -1182 -1182 -1183 -1183 -1184 -1184 -1185 -1185 -1186 -1186 -1187 -1187 -1187 -1188 -1188 -1189 -1189 -1189 -1189 -1190 -1188 -1189 -1189 -1189 -1188 -1189 -1188 -1188 -1188 -1188
-1196 -1196 -1196 -1196 -1195 -1195 -1195 -1190 -1189 -1189 -1189 -1189 -1189 -1188 -1187 -1186 -1185 -1184 -1183 -1182 -1179 -1178 -1178 -1177 -1175 -1175 -1174 -1174 -1174 -1174 -1173 -1173 -1173 -1173 -1172 -1172 -1172 -1172 -1171 -1171 -1171 -1170 -1170 -1170 -1169 -1171 -1170 -1172 -1171 -1173 -1172 -1174 -1173 -1175 -1174 -1176 -1175 -1177 -1176 -1178 -1177 -1179 -1178 -1180 -1180 -1181 -1181 -1181 -1182 -1182 -1182 -1183 -1183 -1183 -1184 -1184 -1185 -1185 -1186 -1186 -1187 -1187 -1188 -1188 -1188 -1189 -1189 -1190 -1189 -1190 -1189 -1189 -1189 -1189 -1188 -1189 -1188 -1189 -1189 -1189
-1196 -1196 -1196 -1196 -1195 -1195 -1195 -1190 -1189 -1189 -1189 -1189 -1189 -1188 -1187 -1186 -1185 -1184 -1183 -1182 -1179 -1178 -1178 -1176 -1175 -1175 -1174 -1174 -1174 -1173 -1173 -1173 -1173 -1172 -1172 -1172 -1172 -1171 -1171 -1170 -1170 -1170 -1170 -1169 -1169 -1170 -1170 -1171 -1171 -1172 -1172 -1173 -1173 -1174 -1174 -1175 -1175 -1176 -1176 -1177 -1177 -1178 -1178 -1180 -1179 -1181 -1181 -1181 -1182 -1182 -1182 -1183 -1183 -1183 -1184 -1184 -1185 -1185 -1186 -1186 -1187 -1187 -1188 -1188 -1189 -1189 -1189 -1190 -1189 -1190 -1189 -1189 -1189 -1189 -1189 -1189 -1189 -1189 -1190 -1190
-1196 -1196 -1196 -1195 -1195 -1195 -1190 -1189 -1189 -1189 -1189 -1189 -1188 -1187 -1186 -1185 -1184 -1183 -1182 -1179 -1178 -1178 -1176 -1175 -1175 -1174 -1174 -1174 -1174 -1173 -1173 -1173 -1173 -1172 -1172 -1172 -1171 -1171 -1170 -1170 -1170 -1170 -1169 -1169 -1169 -1170 -1170 -1171 -1171 -1172 -1172 -1173 -1173 -1174 -1174 -1175 -1175 -1176 -1176 -1177 -1177 -1178 -1178 -1179 -1179 -1181 -1180 -1182 -1182 -1182 -1183 -1183 -1183 -1184 -1184 -1184 -1185 -1185 -1186 -1186 -1187 -1187 -1188 -1188 -1189 -1189 -1190 -1190 -1189 -1190 -1189 -1189 -1189 -1189 -1190 -1190 -1190 -1190 -1190 -1191
-1196 -1196 -1196 -1195 -1195 -1190 -1189 -1189 -1189 -1189 -1189 -1188 -1187 -1186 -1185 -1184 -1183 -1182 -1179 -1178 -1178 -1176 -1176 -1175 -1175 -1174 -1174 -1174 -1173 -1173 -1173 -1173 -1172 -1172 -1172 -1171 -1171 -1171 -1170 -1170 -1170 -1169 -1169 -1169 -1170 -1170 -1170 -1171 -1171 -1172 -1172 -1173 -1173 -1174 -1174 -1175 -1175 -1176 -1176 -1177 -1177 -1178 -1178 -1179 -1179 -1180 -1180 -1182 -1181 -1182 -1183 -1183 -1183 -1184 -1184 -1184 -1185 -1185 -1186 -1186 -1187 -1187 -1188 -1188 -1189 -1189 -1190 -1190 -1189 -1190 -1189 -1190 -1190 -1190 -1190 -1190 -1191 -1191 -1191 -1191
-1196 -1196 -1196 -1195 -1195 -1190 -1189 -1189 -1189 -1189 -1189 -1188 -1187 -1186 -1185 -1184 -1183 -1182 -1179 -1178 -1178 -1176 -1175 -1175 -1175 -1174 -1174 -1174 -1173 -1173 -1173 -1173 -1172 -1172 -1171 -1171 -1171 -1170 -1170 -1170 -1169 -1169 -1170 -1170 -1170 -1170 -1171 -1171 -1171 -1172 -1172 -1173 -1173 -1174 -1174 -1175 -1175 -1176 -1176 -1177 -1177 -1178 -1178 -1179 -1179 -1180 -1180 -1181 -1181 -1183 -1182 -1183 -1183 -1184 -1184 -1185 -1185 -1185 -1186 -1186 -1187 -1187 -1188 -1188 -1189 -1189 -1190 -1190 -1190 -1190 -1190 -1190 -1191 -1191 -1191 -1191 -1191 -1192 -1191 -1191
-1196 -1196 -1196 -1195 -1195 -1190 -1189 -1189 -1189 -1189 -1189 -1188 -1187 -1186 -1185 -1184 -1183 -1182 -1179 -1178 -1178 -1176 -1175 -1175 -1175 -1174 -1174 -1174 -1173 -1173 -1173 -1172 -1172 -1172 -1171 -1171 -1171 -1170 -1170 -1170 -1170 -1170 -1170 -1170 -1171 -1171 -1171 -1171 -1172 -1172 -1172 -1173 -1173 -1174 -1174 -1175 -1175 -1176 -1176 -1177 -1177 -1178 -1178 -1179 -1179 -1180 -1180 -1181 -1181 -1182 -1182 -1183 -1183 -1184 -1184 -1185 -1185 -1185 -1186 -1186 -1187 -1187 -1188 -1188 -1189 -1189 -1190 -1190 -1190 -1191 -1191 -1191 -1191 -1191 -1192 -1192 -1192 -1192 -1192 -1191
-1196 -1196 -1196 -1195 -1191 -1190 -1189 -1189 -1189 -1189 -1188 -1187 -1186 -1185 -1184 -1183 -1183 -1180 -1178 -1178 -1177 -1176 -1175 -1175 -1175 -1174 -1174 -1174 -1173 -1173 -1173 -1172 -1172 -1171 -1171 -1171 -1171 -1170 -1170 -1170 -1171 -1171 -1171 -1171 -1171 -1172 -1172 -1172 -1172 -1173 -1173 -1173 -1174 -1174 -1175 -1175 -1175 -1176 -1176 -1177 -1177 -1178 -1178 -1179 -1179 -1180 -1180 -1181 -1181 -1182 -1182 -1183 -1183 -1184 -1184 -1185 -1185 -1186 -1186 -1187 -1187 -1188 -1188 -1189 -1189 -1190 -1190 -1191 -1191 -1191 -1191 -1191 -1192 -1192 -1192 -1192 -1192 -1192 -1192 -1193
-1196 -1196 -1196 -1195 -1190 -1190 -1189 -1189 -1189 -1189 -1188 -1187 -1186 -1185 -1184 -1183 -1183 -1180 -1178 -1178 -1176 -1176 -1175 -1175 -1175 -1174 -1174 -1174 -1173 -1173 -1172 -1172 -1172 -1171 -1171 -1171 -1171 -1170 -1170 -1171 -1171 -1171 -1171 -1171 -1171 -1172 -1173 -1173 -1173 -1173 -1174 -1174 -1174 -1174 -1175 -1175 -1176 -1176 -1177 -1177 -1178 -1178 -1179 -1179 -1180 -1180 -1181 -1181 -1182 -1182 -1183 -1183 -1184 -1184 -1185 -1185 -1186 -1186 -1186 -1187 -1188 -1188 -1189 -1189 -1190 -1190 -1191 -1191 -1191 -1192 -1192 -1192 -1192 -1192 -1193 -1192 -1192 -1192 -1193 -1193
-1196 -1196 -1196 -1195 -1190 -1190 -1189 -1189 -1190 -1189 -1188 -1187 -1186 -1185 -1184 -1183 -1183 -1180 -1178 -1178 -1176 -1176 -1175 -1175 -1175 -1174 -1174 -1174 -1173 -1173 -1172 -1172 -1171 -1171 -1171 -1171 -1171 -1171 -1171 -1171 -1171 -1171 -1171 -1171 -1172 -1172 -1173 -1174 -1174 -1174 -1174 -1175 -1175 -1175 -1175 -1176 -1176 -1176 -1177 -1177 -1178 -1178 -1179 -1179 -1180 -1180 -1181 -1181 -1182 -1182 -1183 -1183 -1184 -1184 -1185 -1185 -1186 -1186 -1187 -1187 -1188 -1189 -1189 -1190 -1190 -1191 -1191 -1192 -1192 -1192 -1192 -1193 -1193 -1193 -1193 -1193 -1192 -1193 -1193 -1194
-1196 -1196 -1196 -1191 -1190 -1190 -1189 -1190 -1190 -1189 -1188 -1187 -1186 -1185 -1184 -1183 -1180 -1178 -1178 -1177 -1176 -1176 -1175 -1175 -1175 -1174 -1174 -1173 -1173 -1172 -1172 -1172 -1171 -1171 -1171 -1171 -1171 -1171 -1171 -1171 -1171 -1171 -1172 -1172 -1172 -1173 -1173 -1174 -1175 -1175 -1175 -1175 -1176 -1175 -1175 -1176 -1176 -1177 -1177 -1178 -1178 -1179 -1179 -1180 -1180 -1181 -1181 -1182 -1182 -1183 -1183 -1184 -1184 -1185 -1185 -1186 -1186 -1187 -1187 -1187 -1188 -1189 -1190 -1190 -1191 -1191 -1192 -1192 -1192 -1193 -1193 -1193 -1193 -1193 -1193 -1193 -1194 -1193 -1194 -1194
-1196 -1196 -1196 -1191 -1190 -1190 -1190 -1191 -1190 -1189 -1188 -1187 -1186 -1185 -1184 -1183 -1180 -1178 -1178 -1177 -1176 -1176 -1175 -1175 -1175 -1174 -1174 -1173 -1173 -1172 -1172 -1171 -1171 -1171 -1171 -1171 -1171 -1171 -1171 -1171 -1172 -1172 -1172 -1173 -1173 -1173 -1174 -1174 -1175 -1176 -1176 -1176 -1176 -1176 -1176 -1176 -1177 -1177 -1177 -1178 -1178 -1179 -1179 -1180 -1180 -1181 -1181 -1182 -1182 -1183 -1183 -1184 -1184 -1185 -1185 -1186 -1186 -1187 -1187 -1188 -1188 -1189 -1190 -1191 -1191 -1192 -1192 -1193 -1193 -1193 -1193 -1194 -1193 -1193 -1193 -1194 -1194 -1195 -1194 -1195
-1196 -1196 -1196 -1191 -1190 -1190 -1190 -1191 -1190 -1189 -1188 -1187 -1186 -1185 -1184 -1183 -1180 -1178 -1178 -1177 -1176 -1176 -1175 -1175 -1174 -1174 -1173 -1173 -1173 -1172 -1172 -1171 -1171 -1171 -1171 -1171 -1171 -1172 -1172 -1172 -1172 -1173 -1173 -1173 -1174 -1174 -1174 -1175 -1175 -1176 -1177 -1177 -1177 -1177 -1176 -1176 -1177 -1177 -1178 -1178 -1179 -1179 -1180 -1180 -1181 -1181 -1182 -1182 -1183 -1183 -1184 -1184 -1185 -1185 -1186 -1186 -1187 -1187 -1188 -1188 -1189 -1189 -1190 -1191 -1192 -1192 -1193 -1193 -1194 -1194 -1194 -1194 -1194 -1193 -1194 -1194 -1195 -1195 -1196 -1197
-1196 -1196 -1191 -1190 -1190 -1190 -1191 -1190 -1189 -1188 -1187 -1186 -1185 -1184 -1183 -1180 -1178 -1178 -1177 -1176 -1176 -1175 -1175 -1175 -1174 -1174 -1173 -1173 -1173 -1172 -1172 -1171 -1171 -1171 -1172 -1172 -1172 -1172 -1172 -1173 -1173 -1173 -1174 -1174 -1174 -1175 -1175 -1175 -1176 -1176 -1177 -1178 -1178 -1177 -1177 -1177 -1177 -1178 -1178 -1178 -1179 -1179 -1180 -1180 -1181 -1181 -1182 -1182 -1183 -1183 -1184 -1184 -1185 -1185 -1186 -1186 -1187 -1187 -1188 -1188 -1189 -1190 -1190 -1191 -1192 -1193 -1193 -1194 -1194 -1194 -1194 -1194 -1194 -1195 -1194 -1195 -1195 -1196 -1197 -1198
-1196 -1196 -1191 -1190 -1190 -1190 -1191 -1190 -1189 -1188 -1187 -1186 -1185 -1184 -1183 -1180 -1178 -1178 -1177 -1176 -1176 -1175 -1175 -1174 -1174 -1174 -1173 -1173 -1173 -1172 -1172 -1171 -1171 -1172 -1172 -1172 -1172 -1173 -1173 -1173 -1174 -1174 -1174 -1175 -1175 -1175 -1176 -1176 -1176 -1177 -1177 -1178 -1179 -1178 -1178 -1177 -1177 -1178 -1178 -1179 -1179 -1180 -1180 -1181 -1181 -1182 -1182 -1183 -1183 -1184 -1184 -1185 -1185 -1186 -1186 -1187 -1187 -1188 -1188 -1189 -1189 -1190 -1191 -1191 -1192 -1193 -1194 -1194 -1195 -1194 -1194 -1194 -1195 -1195 -1196 -1195 -1196 -1197 -1198 -1199
-1196 -1196 -1191 -1190 -1190 -1192 -1191 -1190 -1189 -1188 -1187 -1186 -1185 -1184 -1183 -1180 -1178 -1178 -1177 -1176 -1176 -1175 -1175 -1174 -1174 -1174 -1173 -1173 -1173 -1172 -1172 -1172 -1172 -1172 -1173 -1173 -1173 -1173 -1174 -1174 -1174 -1175 -1175 -1175 -1176 -1176 -1176 -1177 -1177 -1177 -1178 -1178 -1179 -1179 -1178 -1178 -1178 -1178 -1179 -1179 -1179 -1180 -1180 -1181 -1181 -1182 -1182 -1183 -1183 -1184 -1184 -1185 -1185 -1186 -1186 -1187 -1187 -1188 -1188 -1189 -1190 -1190 -1191 -1192 -1192 -1193 -1194 -1195 -1195 -1195 -1194 -1195 -1195 -1196 -1196 -1197 -1198 -1199 -1200 -1201
-1196 -1192 -1191 -1190 -1191 -1191 -1190 -1189 -1188 -1187 -1186 -1185 -1184 -1184 -1181 -1179 -1178 -1177 -1176 -1176 -1175 -1175 -1175 -1174 -1174 -1174 -1173 -1173 -1173 -1172 -1172 -1173 -1173 -1173 -1173 -1173 -1174 -1174 -1174 -1175 -1175 -1175 -1176 -1176 -1176 -1177 -1177 -1177 -1178 -1178 -1178 -1179 -1179 -1180 -1179 -1179 -1178 -1178 -1179 -1179 -1180 -1180 -1181 -1181 -1182 -1182 -1183 -1183 -1184 -1184 -1185 -1185 -1186 -1186 -1187 -1187 -1188 -1188 -1189 -1189 -1190 -1191 -1191 -1192 -1193 -1193 -1194 -1195 -1195 -1195 -1196 -1195 -1196 -1196 -1197 -1198 -1199 -1200 -1201 -1202
-1196 -1191 -1191 -1191 -1192 -1191 -1191 -1189 -1188 -1187 -1186 -1185 -1184 -1184 -1181 -1179 -1179 -1177 -1176 -1176 -1175 -1175 -1175 -1174 -1174 -1174 -1174 -1173 -1172 -1172 -1173 -1173 -1173 -1173 -1174 -1174 -1174 -1175 -1175 -1176 -1176 -1176 -1176 -1177 -1177 -1177 -1178 -1178 -1178 -1179 -1179 -1179 -1180 -1180 -1180 -1179 -1179 -1179 -1179 -1180 -1180 -1180 -1181 -1181 -1182 -1182 -1183 -1183 -1184 -1184 -1185 -1185 -1186 -1186 -1187 -1187 -1188 -1188 -1189 -1189 -1190 -1191 -1192 -1192 -1193 -1194 -1194 -1195 -1195 -1196 -1196 -1197 -1196 -1197 -1198 -1199 -1200 -1201 -1202 -1203
-1196 -1192 -1191 -1191 -1192 -1192 -1191 -1190 -1189 -1188 -1187 -1186 -1185 -1184 -1181 -1179 -1179 -1177 -1176 -1176 -1175 -1175 -1175 -1175 -1174 -1174 -1174 -1173 -1173 -1173 -1173 -1174 -1174 -1174 -1174 -1175 -1175 -1175 -1176 -1176 -1176 -1177 -1177 -1177 -1178 -1178 -1178 -1179 -1179 -1179 -1180 -1180 -1180 -1180 -1181 -1180 -1180 -1179 -1179 -1180 -1180 -1181 -1181 -1182 -1182 -1183 -1183 -1184 -1184 -1185 -1185 -1186 -1186 -1187 -1187 -1188 -1188 -1189 -1189 -1190 -1190 -1191 -1192 -1193 -1193 -1194 -1195 -1195 -1196 -1196 -1197 -1197 -1198 -1199 -1200 -1201 -1202 -1203 -1204 -99954
-1196 -1192 -1191 -1191 -1193 -1192 -1191 -1190 -1189 -1188 -1187 -1186 -1185 -1184 -1181 -1179 -1179 -1177 -1176 -1176 -1176 -1176 -1175 -1175 -1175 -1174 -1174 -1174 -1173 -1173 -1174 -1174 -1174 -1174 -1175 -1175 -1175 -1176 -1176 -1177 -1177 -1177 -1177 -1178 -1178 -1179 -1179 -1179 -1180 -1180 -1180 -1181 -1181 -1181 -1181 -1181 -1180 -1180 -1180 -1180 -1181 -1181 -1181 -1182 -1182 -1183 -1183 -1184 -1184 -1185 -1185 -1186 -1186 -1187 -1187 -1188 -1188 -1189 -1189 -1190 -1191 -1191 -1192 -1193 -1194 -1194 -1195 -1196 -1197 -1197 -1198 -1198 -99968 -99966 -99965 -99964 -99962 -99961 -99955 -99954
-1196 -1192 -1192 -1192 -1193 -1192 -1191 -1190 -1189 -1188 -1187 -1186 -1185 -1184 -1182 -1180 -1180 -1177 -1177 -1177 -1176 -1176 -1175 -1175 -1175 -1175 -1174 -1174 -1173 -1173 -1174 -1174 -1174 -1175 -1175 -1175 -1176 -1176 -1177 -1177 -1177 -1177 -1178 -1178 -1178 -1180 -1180 -1180 -1181 -1181 -1181 -1182 -1182 -1181 -1182 -1181 -1181 -1180 -1180 -1181 -1181 -1181 -1182 -1182 -1183 -1183 -1184 -1184 -1185 -1185 -1186 -1186 -1187 -1188 -1188 -1189 -1189 -1190 -1190 -1191 -1192 -1192 -1193 -1194 -1195 -1195 -1196 -1197 -1198 -1198 -1199 -1199 -99967 -99965 -99964 -99963 -99961 -99960 -99955 -99953
-1196 -1193 -1192 -1192 -1193 -1192 -1191 -1190 -1189 -1188 -1187 -1186 -1185 -1184 -1182 -1180 -1180 -1178 -1177 -1177 -1176 -1176 -1176 -1176 -1175 -1175 -1175 -1174 -1174 -1174 -1174 -1175 -1175 -1175 -1175 -1176 -1176 -1176 -1177 -1177 -1177 -1178 -1178 -1178 -1179 -1181 -1181 -1181 -1182 -1182 -1182 -1183 -1183 -1182 -1182 -1182 -1181 -1181 -1181 -1181 -1182 -1182 -1182 -1183 -1183 -1184 -1184 -1185 -1185 -1186 -1186 -1187 -1187 -1188 -1188 -1189 -1189 -1190 -1190 -1191 -1193 -1193 -1194 -1195 -1196 -1196 -1197 -1198 -1199 -1199 -1200 -1200 -99966 -99964 -99963 -99962 -99960 -99959 -99954 -99953
-1196 -1193 -1192 -1192 -1193 -1192 -1191 -1190 -1189 -1188 -1187 -1186 -1185 -1185 -1182 -1180 -1180 -1178 -1177 -1177 -1177 -1177 -1176 -1176 -1176 -1175 -1175 -1175 -1174 -1174 -1175 -1175 -1175 -1175 -1176 -1176 -1176 -1177 -1177 -1178 -1178 -1178 -1178 -1179 -1179 -1182 -1182 -1182 -1183 -1183 -1183 -1184 -1184 -1182 -1183 -1182 -1182 -1181 -1181 -1182 -1182 -1182 -1183 -1183 -1184 -1184 -1185 -1185 -1186 -1186 -1187 -1187 -1188 -1189 -1189 -1190 -1190 -1191 -1191 -1192 -1194 -1194 -1195 -1196 -1197 -1197 -1198 -1199 -1200 -1200 -1201 -1201 -99965 -99963 -99962 -99961 -99959 -99958 -99954 -99952
-1196 -1193 -1193 -1193 -1193 -1192 -1192 -1190 -1189 -1188 -1187 -1186 -1185 -1185 -1183 -1181 -1181 -1178 -1178 -1178 -1177 -1177 -1176 -1176 -1176 -1176 -1175 -1175 -1174 -1174 -1175 -1175 -1175 -1176 -1176 -1176 -1177 -1177 -1178 -1178 -1178 -1178 -1179 -1179 -1179 -1183 -1183 -1183 -1184 -1184 -1184 -1185 -1185 -1183 -1183 -1183 -1182 -1182 -1182 -1182 -1183 -1183 -1183 -1184 -1184 -1185 -1185 -1186 -1186 -1187 -1187 -1188 -1188 -1189 -1189 -1190 -1190 -1191 -1191 -1192 -1195 -1195 -1196 -1197 -1198 -1198 -1199 -1200 -1201 -1201 -1202 -1202 -99964 -99962 -99961 -99960 -99958 -99957 -99953 -99952
-1196 -1194 -1193 -1193 -1193 -1193 -1192 -1191 -1190 -1189 -1188 -1187 -1186 -1185 -1183 -1181 -1181 -1179 -1178 -1178 -1177 -1177 -1177 -1177 -1176 -1176 -1176 -1175 -1175 -1175 -1175 -1176 -1176 -1176 -1176 -1177 -1177 -1177 -1178 -1178 -1178 -1179 -1179 -1179 -1180 -1184 -1184 -1184 -1185 -1185 -1185 -1186 -1186 -1183 -1184 -1183 -1183 -1182 -1182 -1183 -1183 -1183 -1184 -1184 -1185 -1185 -1186 -1186 -1187 -1187 -1188 -1188 -1189 -1190 -1190 -1191 -1191 -1192 -1192 -1193 -1196 -1196 -1197 -1198 -1199 -1199 -1200 -1201 -1202 -1202 -1203 -1203 -99963 -99961 -99960 -99959 -99957 -99956 -99953 -99951
-1196 -1194 -1193 -1193 -1194 -1193 -1192 -1191 -1190 -1189 -1188 -1187 -1186 -1185 -1183 -1181 -1181 -1179 -1178 -1178 -1178 -1178 -1177 -1177 -1177 -1176 -1176 -1176 -1175 -1175 -1176 -1176 -1176 -1176 -1177 -1177 -1177 -1178 -1178 -1179 -1179 -1179 -1179 -1180 -1180 -1185 -1185 -1185 -1186 -1186 -1186 -1187 -1187 -1184 -1184 -1184 -1183 -1183 -1183 -1183 -1184 -1184 -1184 -1185 -1185 -1186 -1186 -1187 -1187 -1188 -1188 -1189 -1189 -1190 -1190 -1191 -1191 -1192 -1192 -1193 -1197 -1197 -1198 -1199 -1200 -1200 -1201 -1202 -1203 -1203 -1204 -1204 -99962 -99960 -99959 -99958 -99956 -99955 -99952 -99951
-1196 -1194 -1194 -1194 -1194 -1193 -1192 -1191 -1190 -1189 -1188 -1187 -1186 -1185 -1184 -1182 -1182 -1179 -1179 -1179 -1178 -1178 -1177 -1177 -1177 -1177 -1176 -1176 -1175 -1175 -1176 -1176 -1176 -1177 -1177 -1177 -1178 -1178 -1179 -1179 -1179 -1179 -1180 -1180 -1180 -1186 -1186 -1186 -1187 -1187 -1187 -1188 -1188 -1184 -1185 -1184 -1184 -1183 -1183 -1184 -1184 -1184 -1185 -1185 -1186 -1186 -1187 -1187 -1188 -1188 -1189 -1189 -1190 -1191 -1191 -1192 -1192 -1193 -1193 -1194 -1198 -1198 -1199 -1200 -1201 -1201 -1202 -1203 -1204 -1204 -1205 -1205 -99961 -99959 -99958 -99957 -99955 -99954 -99952 -99950
-1196 -1195 -1194 -1194 -1194 -1193 -1192 -1191 -1190 -1189 -1188 -1187 -1186 -1185 -1184 -1182 -1182 -1180 -1179 -1179 -1178 -1178 -1178 -1178 -1177 -1177 -1177 -1176 -1176 -1176 -1176 -1177 -1177 -1177 -1177 -1178 -1178 -1178 -1179 -1179 -1179 -1180 -1180 -1180 -1181 -1187 -1187 -1187 -1188 -1188 -1188 -1189 -1189 -1185 -1185 -1185 -1184 -1184 -1184 -1184 -1185 -1185 -1185 -1186 -1186 -1187 -1187 -1188 -1188 -1189 -1189 -1190 -1190 -1191 -1191 -1192 -1192 -1193 -1193 -1194 -1199 -1199 -1200 -1201 -1202 -1202 -1203 -1204 -1205 -1205 -1206 -1206 -99960 -99958 -99957 -99956 -99954 -99953 -99951 -99950
-1196 -1195 -1194 -1194 -1194 -1193 -1192 -1192 -1191 -1190 -1189 -1188 -1187 -1186 -1184 -1182 -1182 -1180 -1179 -1179 -1179 -1179 -1178 -1178 -1178 -1177 -1177 -1177 -1176 -1176 -1177 -1177 -1177 -1177 -1178 -1178 -1178 -1179 -1179 -1180 -1180 -1180 -1180 -1181 -1181 -1188 -1188 -1188 -1189 -1189 -1189 -1190 -1190 -1185 -1186 -1185 -1185 -1184 -1184 -1185 -1185 -1185 -1186 -1186 -1187 -1187 -1188 -1188 -1189 -1189 -1190 -1190 -1191 -1192 -1192 -1193 -1193 -1194 -1194 -1195 -1200 -1200 -1201 -1202 -1203 -1203 -1204 -1205 -1206 -1206 -1207 -1207 -99959 -99957 -99956 -99955 -99953 -99952 -99951 -99949
-1195 -1195 -1195 -1195 -1194 -1193 -1193 -1191 -1190 -1189 -1188 -1187 -1186 -1186 -1185 -1183 -1183 -1180 -1180 -1180 -1179 -1179 -1178 -1178 -1178 -1178 -1177 -1177 -1176 -1176 -1177 -1177 -1177 -1178 -1178 -1178 -1179 -1179 -1180 -1180 -1180 -1180 -1181 -1181 -1181 -1189 -1189 -1189 -1190 -1190 -1190 -1191 -1191 -1186 -1186 -1186 -1185 -1185 -1185 -1185 -1186 -1186 -1186 -1187 -1187 -1188 -1188 -1189 -1189 -1190 -1190 -1191 -1191 -1192 -1192 -1193 -1193 -1194 -1194 -1195 -1201 -1201 -1202 -1203 -1204 -1204 -1205 -1206 -1207 -1207 -1208 -1208 -99958 -99956 -99955 -99954 -99952 -99951 -99950 -99949
-1195 -1196 -1195 -1195 -1194 -1194 -1193 -1192 -1191 -1190 -1189 -1188 -1187 -1186 -1185 -1183 -1183 -1181 -1180 -1180 -1179 -1179 -1179 -1179 -1179 -1178 -1178 -1177 -1177 -1177 -1177 -1178 -1178 -1178 -1178 -1179 -1179 -1179 -1180 -1180 -1180 -1181 -1181 -1181 -1182 -1190 -1190 -1190 -1191 -1191 -1191 -1192 -1192 -1186 -1187 -1186 -1186 -1185 -1185 -1186 -1186 -1186 -1187 -1187 -1188 -1188 -1189 -1189 -1190 -1190 -1191 -1191 -1192 -1193 -1193 -1194 -1194 -1195 -1195 -1196 -1202 -1202 -1203 -1204 -1205 -1205 -1206 -1207 -1208 -1208 -1209 -1209 -99957 -99955 -99954 -99953 -99951 -99950 -99950 -99948
-1196 -1196 -1196 -1195 -1195 -1195 -1194 -1193 -1192 -1191 -1190 -1189 -1188 -1187 -1186 -1185 -1183 -1183 -1181 -1180 -1180 -1180 -1180 -1179 -1179 -1178 -1178 -1178 -1178 -1177 -1177 -1178 -1178 -1178 -1179 -1179 -1179 -1180 -1180 -1180 -1181 -1181 -1181 -1182 -1182 -1191 -1191 -1191 -1192 -1192 -1192 -1193 -1193 -1187 -1187 -1187 -1186 -1186 -1186 -1186 -1187 -1187 -1187 -1188 -1188 -1189 -1189 -1190 -1190 -1191 -1191 -1192 -1192 -1193 -1193 -1194 -1194 -1195 -1195 -1196 -1203 -1203 -1204 -1205 -1206 -1206 -1207 -1208 -1209 -1209 -1209 -1210 -99956 -99955 -99954 -99953 -99952 -99950 -99949 -99948
-1197 -1197 -1196 -1196 -1196 -1195 -1194 -1193 -1192 -1191 -1190 -1189 -1188 -1187 -1186 -1186 -1186 -1184 -1184 -1181 -1181 -1181 -1180 -1180 -1179 -1179 -1179 -1179 -1178 -1178 -1177 -1178 -1178 -1178 -1179 -1179 -1179 -1180 -1180 -1180 -1181 -1181 -1181 -1182 -1182 -1182 -1183 -1183 -1183 -1184 -1184 -1184 -1185 -1185 -1185 -1186 -1186 -1186 -1186 -1187 -1187 -1187 -1188 -1188 -1189 -1189 -1190 -1190 -1191 -1191 -1192 -1192 -1193 -1194 -1194 -1195 -1195 -1196 -1196 -1197 -1204 -1204 -1205 -1206 -1207 -1207 -1208 -1210 -1210 -1210 -1211 -99957 -99956 -99955 -99954 -99953 -99952 -99951 -99950 -99949
-1198 -1197 -1197 -1196 -1197 -1196 -1195 -1194 -1193 -1192 -1191 -1190 -1189 -1188 -1187 -1187 -1187 -1186 -1184 -1184 -1182 -1181 -1181 -1180 -1180 -1180 -1180 -1179 -1179 -1178 -1178 -1179 -1179 -1179 -1180 -1180 -1180 -1181 -1181 -1181 -1182 -1182 -1182 -1183 -1183 -1183 -1184 -1184 -1184 -1185 -1185 -1185 -1186 -1186 -1186 -1187 -1187 -1187 -1187 -1188 -1188 -1188 -1189 -1189 -1190 -1190 -1191 -1191 -1192 -1192 -1193 -1193 -1194 -1194 -1195 -1195 -1196 -1196 -1197 -1204 -1205 -1206 -1207 -1208 -1208 -1209 -1211 -1211 -1211 -1212 -99958 -99957 -99957 -99956 -99955 -99954 -99953 -99952 -99951 -99950
-1199 -1199 -1197 -1197 -1197 -1196 -1195 -1194 -1193 -1193 -1192 -1191 -1190 -1189 -1188 -1187 -1187 -1187 -1186 -1184 -1184 -1182 -1181 -1181 -1181 -1181 -1180 -1180 -1179 -1179 -1179 -1179 -1179 -1180 -1180 -1180 -1181 -1181 -1181 -1182 -1182 -1182 -1183 -1183 -1183 -1184 -1184 -1184 -1185 -1185 -1185 -1186 -1186 -1186 -1187 -1187 -1187 -1187 -1188 -1188 -1188 -1189 -1189 -1190 -1190 -1191 -1191 -1192 -1192 -1193 -1193 -1194 -1195 -1195 -1196 -1196 -1197 -1197 -1198 -1205 -1207 -1208 -1209 -1209 -1210 -1212 -1212 -1212 -1213 -99959 -99958 -99958 -99958 -99957 -99956 -99955 -99954 -99953 -99952 -99951
-1199 -1199 -1199 -1198 -1198 -1197 -1196 -1195 -1194 -1194 -1192 -1191 -1190 -1189 -1188 -1188 -1188 -1187 -1187 -1187 -1185 -1185 -1182 -1182 -1182 -1181 -1181 -1180 -1180 -1180 -1180 -1180 -1180 -1181 -1181 -1181 -1182 -1182 -1182 -1183 -1183 -1183 -1184 -1184 -1184 -1185 -1185 -1185 -1186 -1186 -1186 -1187 -1187 -1187 -1188 -1188 -1188 -1188 -1189 -1189 -1189 -1190 -1190 -1191 -1191 -1192 -1192 -1193 -1193 -1194 -1194 -1195 -1195 -1196 -1196 -1197 -1197 -1198 -1205 -1206 -1209 -1210 -1210 -1211 -1213 -1213 -1213 -1214 -99960 -99959 -99959 -99959 -99959 -99958 -99957 -99956 -99955 -99954 -99953 -99952
-1200 -1199 -1199 -1199 -1198 -1197 -1196 -1195 -1195 -1194 -1193 -1192 -1191 -1190 -1189 -1189 -1188 -1188 -1188 -1188 -1187 -1185 -1185 -1183 -1182 -1182 -1181 -1181 -1181 -1181 -1180 -1180 -1181 -1181 -1181 -1182 -1182 -1182 -1183 -1183 -1183 -1184 -1184 -1184 -1185 -1185 -1185 -1186 -1186 -1186 -1187 -1187 -1187 -1188 -1188 -1188 -1188 -1189 -1189 -1189 -1190 -1190 -1191 -1191 -1192 -1192 -1193 -1193 -1194 -1194 -1195 -1196 -1196 -1197 -1197 -1198 -1198 -1199 -1206 -1208 -1211 -1211 -1212 -1214 -1214 -1214 -1215 -99961 -99960 -99960 -99960 -99960 -99960 -99959 -99958 -99957 -99956 -99955 -99954 -99953
-1200 -1201 -1199 -1200 -1200 -1198 -1197 -1196 -1196 -1195 -1194 -1193 -1192 -1191 -1190 -1189 -1189 -1189 -1188 -1188 -1188 -1187 -1185 -1185 -1183 -1182 -1182 -1182 -1182 -1181 -1181 -1181 -1182 -1182 -1182 -1183 -1183 -1183 -1184 -1184 -1184 -1185 -1185 -1185 -1186 -1186 -1186 -1187 -1187 -1187 -1188 -1188 -1188 -1189 -1189 -1189 -1189 -1190 -1190 -1190 -1191 -1191 -1192 -1192 -1193 -1193 -1194 -1194 -1195 -1195 -1196 -1196 -1197 -1197 -1198 -1198 -1199 -1206 -1207 -1210 -1212 -1213 -1215 -1215 -1215 -1216 -99962 -99961 -99961 -99961 -99961 -99961 -99961 -99960 -99959 -99958 -99957 -99956 -99955 -99954
-1201 -1201 -1201 -1200 -1200 -1198 -1197 -1197 -1196 -1195 -1194 -1193 -1192 -1191 -1190 -1190 -1190 -1189 -1189 -1189 -1188 -1188 -1188 -1186 -1186 -1183 -1183 -1183 -1182 -1182 -1181 -1182 -1182 -1182 -1183 -1183 -1183 -1184 -1184 -1184 -1185 -1185 -1185 -1186 -1186 -1186 -1187 -1187 -1187 -1188 -1188 -1188 -1189 -1189 -1189 -1189 -1190 -1190 -1190 -1191 -1191 -1192 -1192 -1193 -1193 -1194 -1194 -1195 -1195 -1196 -1197 -1197 -1198 -1198 -1199 -1199 -1200 -1207 -1209 -1212 -1214 -1216 -1216 -1216 -1217 -99963 -99962 -99962 -99962 -99962 -99962 -99962 -99962 -99961 -99960 -99959 -99958 -99957 -99956 -99955
-1202 -1201 -1201 -1201 -1200 -1200 -1198 -1198 -1197 -1196 -1195 -1194 -1193 -1192 -1191 -1191 -1190 -1190 -1190 -1189 -1189 -1189 -1189 -1188 -1186 -1186 -1184 -1183 -1183 -1182 -1182 -1183 -1183 -1183 -1184 -1184 -1184 -1185 -1185 -1185 -1186 -1186 -1186 -1187 -1187 -1187 -1188 -1188 -1188 -1189 -1189 -1189 -1190 -1190 -1190 -1190 -1191 -1191 -1191 -1192 -1192 -1193 -1193 -1194 -1194 -1195 -1195 -1196 -1196 -1197 -1197 -1198 -1198 -1199 -1199 -1200 -1207 -1208 -1211 -1213 -1217 -1217 -1217 -1218 -99964 -99963 -99963 -99963 -99963 -99963 -99963 -99963 -99963 -99962 -99961 -99960 -99959 -99958 -99957 -99956
-1202 -1202 -1201 -1201 -1202 -1200 -1199 -1198 -1197 -1196 -1195 -1194 -1194 -1193 -1192 -1191 -1191 -1191 -1190 -1190 -1190 -1189 -1189 -1189 -1188 -1186 -1186 -1184 -1183 -1183 -1183 -1183 -1183 -1184 -1184 -1184 -1185 -1185 -1185 -1186 -1186 -1186 -1187 -1187 -1187 -1188 -1188 -1188 -1189 -1189 -1189 -1190 -1190 -1190 -1190 -1191 -1191 -1191 -1192 -1192 -1193 -1193 -1194 -1194 -1195 -1195 -1196 -1196 -1197 -1198 -1198 -1199 -1199 -1200 -1200 -1201 -1208 -1210 -1213 -1215 -1218 -1218 -1219 -99965 -99964 -99964 -99964 -99964 -99964 -99964 -99964 -99964 -99964 -99963 -99962 -99961 -99960 -99959 -99958 -99957
-1202 -1203 -1203 -1202 -1202 -1200 -1200 -1199 -1198 -1197 -1196 -1195 -1195 -1193 -1192 -1192 -1192 -1191 -1191 -1191 -1190 -1190 -1190 -1189 -1189 -1189 -1187 -1187 -1184 -1184 -1184 -1184 -1184 -1185 -1185 -1185 -1186 -1186 -1186 -1187 -1187 -1187 -1188 -1188 -1188 -1189 -1189 -1189 -1190 -1190 -1190 -1191 -1191 -1191 -1191 -1192 -1192 -1192 -1193 -1193 -1194 -1194 -1195 -1195 -1196 -1196 -1197 -1197 -1198 -1198 -1199 -1199 -1200 -1200 -1201 -1208 -1209 -1212 -1214 -1218 -1219 -1220 -99966 -99965 -99965 -99965 -99965 -99965 -99965 -99965 -99965 -99965 -99964 -99964 -99963 -99962 -99961 -99960 -99959 -99958
-1204 -1203 -1203 -1203 -1202 -1202 -1201 -1199 -1198 -1197 -1196 -1196 -1195 -1194 -1193 -1193 -1192 -1192 -1192 -1191 -1191 -1191 -1190 -1190 -1190 -1190 -1189 -1187 -1187 -1185 -1184 -1184 -1185 -1185 -1185 -1186 -1186 -1186 -1187 -1187 -1187 -1188 -1188 -1188 -1189 -1189 -1189 -1190 -1190 -1190 -1191 -1191 -1191 -1191 -1192 -1192 -1192 -1193 -1193 -1194 -1194 -1195 -1195 -1196 -1196 -1197 -1197 -1198 -1199 -1199 -1200 -1200 -1201 -1201 -1202 -1209 -1211 -1214 -1216 -1219 -1221 -99967 -99966 -99966 -99966 -99966 -99966 -99966 -99966 -99966 -99965 -99964 -99964 -99963 -99963 -99962 -99962 -99961 -99960 -99959
-1205 -1204 -1203 -1204 -1203 -1202 -1201 -1201 -1199 -1199 -1197 -1197 -1196 -1195 -1194 -1193 -1193 -1193 -1192 -1192 -1192 -1191 -1191 -1191 -1190 -1190 -1190 -1189 -1187 -1187 -1185 -1185 -1186 -1186 -1186 -1187 -1187 -1187 -1188 -1188 -1188 -1189 -1189 -1189 -1190 -1190 -1190 -1191 -1191 -1191 -1192 -1192 -1192 -1192 -1193 -1193 -1193 -1194 -1194 -1195 -1195 -1196 -1196 -1197 -1197 -1198 -1198 -1199 -1199 -1200 -1200 -1201 -1201 -1202 -1209 -1210 -1213 -1215 -1219 -1220 -99968 -99967 -99967 -99967 -99967 -99967 -99967 -99967 -99966 -99965 -99965 -99964 -99963 -99963 -99962 -99962 -99961 -99961 -99961 -99960
-1205 -1204 -1205 -1204 -1203 -1204 -1202 -1202 -1201 -1199 -1198 -1198 -1197 -1196 -1195 -1194 -1194 -1194 -1193 -1193 -1193 -1192 -1192 -1192 -1191 -1191 -1191 -1190 -1190 -1190 -1188 -1188 -1188 -1188 -1188 -1188 -1189 -1189 -1189 -1189 -1190 -1190 -1190 -1191 -1191 -1191 -1191 -1192 -1192 -1193 -1193 -1193 -1193 -1193 -1193 -1193 -1194 -1194 -1195 -1195 -1196 -1196 -1197 -1197 -1198 -1198 -1199 -1200 -1200 -1201 -1201 -1202 -1202 -1203 -1210 -1212 -1215 -1217 -1220 -1222 -99968 -99968 -99968 -99968 -99967 -99967 -99966 -99966 -99965 -99965 -99964 -99964 -99963 -99963 -99962 -99962 -99961 -99962 -99960 -99961
-1206 -1206 -1206 -1205 -1206 -1205 -1204 -1202 -1201 -1201 -1199 -1200 -1198 -1197 -1196 -1195 -1195 -1195 -1194 -1194 -1194 -1193 -1193 -1193 -1192 -1192 -1192 -1191 -1191 -1191 -1190 -1190 -1190 -1190 -1191 -1191 -1191 -1191 -1191 -1191 -1192 -1192 -1192 -1192 -1192 -1193 -1193 -1193 -1194 -1194 -1194 -1194 -1194 -1194 -1194 -1194 -1195 -1195 -1196 -1196 -1197 -1197 -1198 -1198 -1199 -1199 -1200 -1200 -1201 -1201 -1202 -1202 -1203 -1210 -1211 -1214 -1216 -1220 -1221 -99969 -99969 -99969 -99968 -99968 -99967 -99967 -99966 -99966 -99965 -99965 -99964 -99964 -99964 -99965 -99963 -99964 -99962 -99963 -99961 -99962
-1207 -1207 -1206 -1206 -1206 -1205 -1204 -1205 -1203 -1203 -1201 -1200 -1199 -1198 -1197 -1196 -1196 -1196 -1196 -1195 -1195 -1194 -1194 -1194 -1193 -1193 -1193 -1192 -1192 -1192 -1191 -1191 -1192 -1191 -1192 -1192 -1192 -1192 -1193 -1192 -1193 -1193 -1193 -1193 -1194 -1194 -1194 -1194 -1195 -1194 -1195 -1194 -1195 -1194 -1195 -1195 -1196 -1196 -1197 -1197 -1198 -1198 -1199 -1199 -1200 -1201 -1201 -1202 -1202 -1203 -1203 -1204 -1211 -1213 -1216 -1218 -1221 -1223 -99969 -99969 -99969 -99969 -99968 -99968 -99967 -99967 -99966 -99966 -99965 -99965 -99965 -99966 -99965 -99966 -99964 -99965 -99963 -99964 -99962 -99963
-1208 -1207 -1207 -1207 -1206 -1206 -1206 -1205 -1204 -1203 -1201 -1201 -1200 -1200 -1198 -1197 -1197 -1197 -1197 -1196 -1196 -1195 -1195 -1195 -1194 -1194 -1194 -1193 -1193 -1193 -1192 -1192 -1193 -1192 -1193 -1193 -1193 -1193 -1194 -1193 -1194 -1194 -1194 -1194 -1195 -1195 -1195 -1195 -1196 -1195 -1196 -1195 -1196 -1195 -1196 -1196 -1197 -1197 -1198 -1198 -1199 -1199 -1200 -1200 -1201 -1201 -1202 -1202 -1203 -1203 -1204 -1211 -1212 -1215 -1217 -1221 -1222 -99970 -99970 -99970 -99969 -99969 -99968 -99968 -99967 -99967 -99966 -99966 -99966 -99967 -99966 -99967 -99966 -99967 -99965 -99966 -99964 -99965 -99963 -99964
-1210 -1208 -1209 -1207 -1208 -1208 -1206 -1205 -1204 -1205 -1203 -1203 -1202 -1200 -1199 -1198 -1198 -1198 -1198 -1197 -1197 -1196 -1196 -1196 -1195 -1195 -1195 -1194 -1194 -1194 -1193 -1193 -1194 -1193 -1194 -1194 -1194 -1194 -1195 -1194 -1195 -1195 -1195 -1195 -1196 -1196 -1196 -1196 -1197 -1196 -1197 -1196 -1197 -1196 -1197 -1197 -1198 -1198 -1199 -1199 -1200 -1200 -1201 -1202 -1202 -1203 -1203 -1204 -1204 -1205 -1212 -1214 -1217 -1219 -1222 -1224 -99970 -99970 -99970 -99970 -99969 -99969 -99968 -99968 -99967 -99967 -99967 -99968 -99967 -99968 -99967 -99968 -99967 -99968 -99966 -99967 -99965 -99966 -99964 -99965
-1210 -1209 -1210 -1209 -1209 -1208 -1207 -1207 -1206 -1205 -1204 -1203 -1202 -1202 -1200 -1200 -1199 -1199 -1199 -1198 -1198 -1197 -1197 -1197 -1197 -1196 -1196 -1195 -1195 -1195 -1194 -1194 -1195 -1194 -1195 -1195 -1195 -1195 -1196 -1195 -1196 -1196 -1196 -1196 -1197 -1197 -1197 -1197 -1198 -1197 -1198 -1197 -1198 -1197 -1198 -1198 -1199 -1199 -1200 -1200 -1201 -1201 -1202 -1202 -1203 -1203 -1204 -1204 -1205 -1212 -1213 -1216 -1218 -1222 -1223 -99971 -99971 -99971 -99970 -99970 -99969 -99969 -99968 -99968 -99968 -99969 -99968 -99969 -99968 -99969 -99968 -99969 -99968 -99969 -99967 -99968 -99966 -99967 -99965 -99966
-1211 -1210 -1210 -1209 -1210 -1209 -1208 -1208 -1207 -1206 -1204 -1205 -1203 -1203 -1202 -1200 -1200 -1201 -1200 -1199 -1199 -1198 -1198 -1198 -1198 -1197 -1197 -1196 -1196 -1196 -1195 -1195 -1196 -1195 -1196 -1196 -1196 -1196 -1197 -1196 -1197 -1197 -1197 -1197 -1198 -1198 -1198 -1198 -1199 -1198 -1199 -1198 -1199 -1198 -1199 -1199 -1200 -1200 -1201 -1201 -1202 -1203 -1203 -1204 -1204 -1205 -1205 -1206 -1213 -1215 -1218 -1220 -1223 -1225 -99971 -99971 -99971 -99971 -99970 -99970 -99969 -99969 -99969 -99970 -99969 -99970 -99969 -99970 -99969 -99970 -99969 -99970 -99969 -99970 -99968 -99969 -99967 -99968 -99966 -99967
-1218 -1218 -1211 -1210 -1210 -1209 -1209 -1208 -1207 -1207 -1207 -1206 -1205 -1203 -1202 -1202 -1202 -1201 -1201 -1201 -1200 -1199 -1199 -1199 -1199 -1198 -1198 -1197 -1197 -1197 -1196 -1196 -1197 -1196 -1197 -1197 -1197 -1197 -1198 -1197 -1198 -1198 -1198 -1198 -1199 -1199 -1199 -1199 -1200 -1199 -1200 -1199 -1200 -1199 -1200 -1200 -1201 -1201 -1202 -1202 -1203 -1203 -1204 -1204 -1205 -1205 -1206 -1213 -1214 -1217 -1219 -1223 -1224 -99972 -99972 -99972 -99971 -99971 -99970 -99970 -99970 -99971 -99970 -99971 -99970 -99971 -99970 -99971 -99970 -99971 -99970 -99971 -99970 -99971 -99969 -99970 -99968 -99969 -99967 -99968
-1222 -1220 -1218 -1218 -1212 -1211 -1211 -1209 -1208 -1208 -1207 -1206 -1205 -1206 -1204 -1204 -1202 -1202 -1203 -1201 -1201 -1201 -1200 -1200 -1200 -1199 -1199 -1198 -1198 -1198 -1198 -1197 -1198 -1197 -1198 -1198 -1199 -1198 -1199 -1198 -1199 -1199 -1200 -1199 -1200 -1200 -1201 -1200 -1201 -1200 -1201 -1200 -1201 -1200 -1201 -1201 -1202 -1202 -1203 -1204 -1204 -1205 -1205 -1206 -1206 -1207 -1214 -1216 -1219 -1221 -1224 -1226 -99972 -99972 -99972 -99972 -99971 -99971 -99970 -99970 -99971 -99972 -99971 -99972 -99971 -99972 -99971 -99972 -99971 -99972 -99971 -99972 -99971 -99972 -99970 -99971 -99969 -99970 -99968 -99969
-1226 -1220 -1222 -1220 -1219 -1219 -1211 -1210 -1210 -1208 -1207 -1207 -1207 -1206 -1205 -1204 -1204 -1204 -1203 -1203 -1203 -1201 -1201 -1202 -1201 -1200 -1200 -1199 -1199 -1199 -1199 -1198 -1199 -1198 -1199 -1199 -1200 -1199 -1200 -1199 -1200 -1200 -1201 -1200 -1201 -1201 -1202 -1201 -1202 -1201 -1202 -1201 -1202 -1201 -1202 -1202 -1203 -1203 -1204 -1204 -1205 -1205 -1206 -1206 -1207 -1214 -1215 -1218 -1220 -1224 -1225 -99973 -99973 -99973 -99972 -99972 -99971 -99971 -99971 -99972 -99972 -99973 -99972 -99973 -99972 -99973 -99972 -99973 -99972 -99973 -99972 -99973 -99972 -99973 -99971 -99972 -99970 -99971 -99969 -99970
-1229 -1224 -1226 -1220 -1223 -1221 -1212 -1211 -1211 -1210 -1209 -1209 -1207 -1206 -1205 -1206 -1205 -1204 -1204 -1204 -1203 -1203 -1203 -1202 -1202 -1202 -1201 -1200 -1200 -1200 -1200 -1199 -1200 -1199 -1200 -1200 -1201 -1200 -1201 -1200 -1201 -1201 -1202 -1201 -1202 -1202 -1203 -1202 -1203 -1202 -1203 -1202 -1203 -1202 -1203 -1203 -1204 -1205 -1205 -1206 -1206 -1207 -1207 -1208 -1215 -1217 -1220 -1222 -1225 -1227 -99973 -99973 -99973 -99973 -99972 -99972 -99971 -99971 -99972 -99973 -99973 -99974 -99973 -99974 -99973 -99974 -99973 -99974 -99973 -99974 -99973 -99974 -99973 -99974 -99972 -99973 -99971 -99972 -99970 -99971
-1229 -1226 -1229 -1224 -1227 -1221 -1219 -1219 -1211 -1210 -1210 -1209 -1208 -1208 -1207 -1206 -1205 -1206 -1206 -1204 -1205 -1205 -1203 -1203 -1204 -1202 -1202 -1202 -1201 -1201 -1201 -1200 -1201 -1200 -1201 -1201 -1202 -1201 -1202 -1201 -1202 -1202 -1203 -1202 -1203 -1203 -1204 -1203 -1204 -1203 -1204 -1203 -1204 -1203 -1204 -1204 -1205 -1205 -1206 -1206 -1207 -1207 -1208 -1215 -1216 -1219 -1221 -1225 -1226 -99974 -99974 -99974 -99973 -99973 -99972 -99972 -99972 -99973 -99973 -99974 -99974 -99975 -99974 -99975 -99974 -99975 -99974 -99975 -99974 -99975 -99974 -99975 -99974 -99975 -99973 -99974 -99972 -99973 -99971 -99972
-1231 -99994 -1229 -1227 -1233 -1225 -1223 -1225 -1212 -1211 -1218 -1210 -1209 -1210 -1208 -1207 -1208 -1207 -1206 -1207 -1206 -1205 -1205 -1205 -1204 -1204 -1204 -1202 -1202 -1203 -1202 -1201 -1202 -1201 -1202 -1202 -1203 -1202 -1203 -1202 -1203 -1203 -1204 -1203 -1204 -1204 -1205 -1204 -1205 -1204 -1205 -1204 -1205 -1204 -1205 -1206 -1206 -1207 -1207 -1208 -1208 -1209 -1216 -1218 -1221 -1223 -1226 -1228 -99974 -99974 -99974 -99974 -99973 -99973 -99972 -99972 -99973 -99974 -99974 -99975 -99975 -99976 -99975 -99976 -99975 -99976 -99975 -99976 -99975 -99976 -99975 -99975 -99975 -99975 -99974 -99974 -99973 -99973 -99972 -99973
-99994 -99994 -1233 -1231 -99993 -1230 -1227 -1230 -1221 -1219 -1221 -1211 -1210 -1211 -1209 -1208 -1209 -1208 -1207 -1208 -1207 -1206 -1207 -1206 -1205 -1205 -1205 -1204 -1204 -1204 -1203 -1203 -1203 -1203 -1203 -1203 -1203 -1204 -1204 -1204 -1204 -1204 -1205 -1205 -1205 -1205 -1205 -1205 -1205 -1205 -1205 -1205 -1206 -1205 -1206 -1206 -1207 -1207 -1208 -1208 -1209 -1216 -1217 -1220 -1222 -1226 -1227 -99975 -99975 -99975 -99974 -99974 -99973 -99973 -99973 -99974 -99974 -99975 -99975 -99976 -99976 -99977 -99976 -99977 -99976 -99977 -99976 -99977 -99976 -99976 -99976 -99975 -99975 -99975 -99974 -99974 -99975 -99973 -99973 -99974
-99994 -99994 -99993 -99993 -99993 -1233 -1231 -1233 -1225 -1223 -1225 -1213 -1212 -1219 -1210 -1209 -1210 -1209 -1208 -1209 -1208 -1207 -1208 -1207 -1206 -1207 -1207 -1205 -1206 -1206 -1204 -1204 -1205 -1205 -1205 -1205 -1205 -1205 -1206 -1206 -1206 -1206 -1206 -1206 -1206 -1206 -1206 -1206 -1206 -1207 -1206 -1206 -1207 -1207 -1207 -1208 -1208 -1209 -1209 -1210 -1217 -1219 -1222 -1224 -1227 -1229 -99975 -99975 -99975 -99974 -99974 -99974 -99973 -99973 -99974 -99975 -99975 -99976 -99976 -99977 -99977 -99977 -99977 -99977 -99978 -99977 -99977 -99977 -99976 -99976 -99976 -99975 -99976 -99977 -99975 -99975 -99976 -99974 -99974 -99975
-99994 -99994 -99993 -99993 -99993 -99992 -99992 -99992 -1230 -1227 -1230 -1221 -1220 -1222 -1212 -1211 -1212 -1211 -1210 -1211 -1210 -1209 -1210 -1209 -1208 -1209 -1208 -1207 -1208 -1207 -1206 -1206 -1206 -1206 -1207 -1207 -1207 -1207 -1207 -1207 -1207 -1207 -1207 -1207 -1207 -1207 -1208 -1207 -1207 -1208 -1208 -1208 -1209 -1208 -1208 -1209 -1209 -1210 -1217 -1218 -1221 -1223 -1227 -1228 -99976 -99976 -99975 -99975 -99975 -99974 -99974 -99974 -99975 -99975 -99976 -99976 -99977 -99977 -99978 -99977 -99978 -99979 -99978 -99978 -99978 -99977 -99977 -99977 -99976 -99977 -99978 -99976 -99977 -99978 -99976 -99976 -99977 -99975 -99975 -99976
-99994 -99994 -99993 -99993 -99993 -99992 -99992 -99992 -1233 -1232 -1233 -1225 -1224 -1226 -1213 -1212 -1219 -1212 -1211 -1212 -1211 -1210 -1211 -1210 -1209 -1210 -1209 -1208 -1209 -1208 -1207 -1208 -1207 -1208 -1208 -1208 -1208 -1209 -1208 -1208 -1209 -1208 -1208 -1209 -1208 -1208 -1209 -1209 -1209 -1210 -1209 -1209 -1210 -1209 -1210 -1210 -1211 -1218 -1220 -1223 -1225 -1228 -1230 -99976 -99976 -99976 -99975 -99975 -99975 -99974 -99974 -99975 -99976 -99976 -99977 -99977 -99978 -99978 -99978 -99978 -99979 -99979 -99978 -99978 -99978 -99977 -99978 -99979 -99977 -99978 -99979 -99977 -99978 -99979 -99977 -99977 -99978 -99976 -99976 -99977
-99994 -99994 -99993 -99993 -99993 -99992 -99992 -99992 -99991 -99991 -99991 -1230 -1228 -1231 -1222 -1220 -1222 -1213 -1212 -1219 -1212 -1211 -1212 -1211 -1210 -1211 -1210 -1209 -1210 -1209 -1208 -1209 -1208 -1209 -1210 -1209 -1209 -1210 -1209 -1209 -1210 -1209 -1209 -1210 -1210 -1210 -1211 -1210 -1210 -1211 -1210 -1211 -1211 -1210 -1211 -1218 -1219 -1222 -1224 -1228 -1229 -99977 -99977 -99976 -99976 -99976 -99975 -99975 -99975 -99976 -99976 -99977 -99977 -99978 -99978 -99979 -99978 -99979 -99980 -99979 -99979 -99979 -99978 -99979 -99980 -99978 -99979 -99980 -99978 -99979 -99980 -99978 -99979 -99980 -99978 -99978 -99979 -99977 -99977 -99978
-99996 -99995 -99993 -99993 -99993 -99992 -99992 -99992 -99991 -99991 -99991 -1234 -1232 -1234 -1226 -1224 -1226 -1222 -1220 -1222 -1214 -1213 -1220 -1213 -1212 -1213 -1212 -1211 -1212 -1211 -1210 -1211 -1210 -1210 -1211 -1210 -1210 -1211 -1210 -1211 -1212 -1211 -1211 -1212 -1211 -1211 -1212 -1211 -1212 -1212 -1211 -1212 -1219 -1212 -1219 -1221 -1224 -1226 -1229 -1231 -99977 -99977 -99977 -99976 -99976 -99976 -99975 -99975 -99976 -99977 -99977 -99978 -99978 -99979 -99979 -99979 -99979 -99980 -99980 -99979 -99980 -99981 -99979 -99980 -99981 -99979 -99980 -99981 -99979 -99980 -99981 -99979 -99980 -99981 -99979 -99979 -99980 -99978 -99978 -99979
-99997 -99995 -99995 -99995 -99994 -99992 -99992 -99992 -99991 -99991 -99991 -99991 -99990 -99990 -1231 -1228 -1231 -1226 -1224 -1226 -1222 -1221 -1223 -1214 -1213 -1220 -1213 -1212 -1213 -1212 -1211 -1212 -1211 -1211 -1212 -1211 -1212 -1213 -1212 -1212 -1213 -1212 -1212 -1213 -1212 -1213 -1213 -1212 -1213 -1220 -1213 -1220 -1222 -1220 -1223 -1225 -1229 -1230 -99978 -99978 -99977 -99977 -99977 -99976 -99976 -99976 -99977 -99977 -99978 -99978 -99979 -99979 -99980 -99979 -99980 -99981 -99980 -99980 -99980 -99979 -99981 -99982 -99980 -99981 -99982 -99980 -99981 -99982 -99980 -99981 -99982 -99980 -99981 -99982 -99980 -99980 -99981 -99979 -99979 -99980
-99997 -99996 -99997 -99996 -99994 -99994 -99994 -99992 -99991 -99991 -99991 -99990 -99990 -99990 -1234 -1232 -1234 -1231 -1228 -1231 -1226 -1225 -1227 -1223 -1221 -1223 -1214 -1213 -1220 -1213 -1212 -1213 -1212 -1213 -1214 -1213 -1213 -1214 -1213 -1213 -1214 -1213 -1214 -1214 -1213 -1214 -1221 -1214 -1221 -1223 -1221 -1224 -1226 -1225 -1227 -1230 -1232 -99978 -99978 -99978 -99977 -99977 -99977 -99976 -99976 -99977 -99978 -99978 -99979 -99979 -99980 -99980 -99980 -99980 -99981 -99981 -99980 -99981 -99982 -99980 -99982 -99983 -99981 -99982 -99983 -99981 -99982 -99983 -99981 -99982 -99983 -99981 -99982 -99983 -99981 -99981 -99982 -99980 -99980 -99981
-99998 -99998 -99998 -99996 -99995 -99996 -99995 -99993 -99991 -99991 -99991 -99990 -99990 -99990 -99990 -99989 -99989 -1234 -1233 -1234 -1231 -1229 -1232 -1227 -1225 -1227 -1223 -1221 -1223 -1215 -1214 -1221 -1214 -1214 -1221 -1214 -1214 -1221 -1214 -1215 -1222 -1214 -1215 -1222 -1215 -1222 -1224 -1222 -1225 -1227 -1226 -1228 -1231 -1230 -1231 -99979 -99979 -99978 -99978 -99978 -99977 -99977 -99977 -99978 -99978 -99979 -99979 -99980 -99980 -99981 -99980 -99981 -99982 -99981 -99981 -99981 -99980 -99982 -99983 -99981 -99983 -99984 -99982 -99983 -99984 -99982 -99983 -99984 -99982 -99983 -99984 -99982 -99983 -99984 -99982 -99982 -99983 -99981 -99981 -99982
-99998 -99999 -99998 -99997 -99997 -99997 -99995 -99993 -99993 -99993 -99991 -99990 -99990 -99990 -99990 -99989 -99989 -99989 -99989 -99988 -1235 -1233 -1235 -1232 -1229 -1232 -1227 -1225 -1227 -1223 -1222 -1224 -1215 -1222 -1224 -1215 -1222 -1224 -1216 -1223 -1225 -1216 -1223 -1225 -1223 -1226 -1228 -1227 -1229 -1232 -1231 -1232 -99980 -1233 -99979 -99979 -99979 -99978 -99978 -99978 -99977 -99977 -99978 -99979 -99979 -99980 -99980 -99981 -99981 -99981 -99981 -99982 -99982 -99981 -99982 -99983 -99981 -99983 -99984 -99982 -99984 -99985 -99983 -99984 -99985 -99983 -99984 -99985 -99983 -99984 -99985 -99983 -99984 -99985 -99983 -99983 -99984 -99982 -99982 -99983
-99999 -100000 -99998 -99997 -99998 -99997 -99996 -99994 -99995 -99994 -99992 -99990 -99990 -99990 -99989 -99989 -99989 -99989 -99988 -99988 -99988 -99988 -99988 -1235 -1233 -1235 -1232 -1229 -1232 -1227 -1226 -1228 -1224 -1226 -1228 -1224 -1226 -1228 -1224 -1227 -1229 -1224 -1227 -1229 -1228 -1230 -1233 -1232 -1233 -99981 -1234 -99980 -99980 -99980 -99979 -99979 -99979 -99978 -99978 -99978 -99979 -99979 -99980 -99980 -99981 -99981 -99982 -99981 -99982 -99983 -99982 -99982 -99982 -99981 -99983 -99984 -99982 -99984 -99985 -99983 -99985 -99986 -99984 -99985 -99986 -99984 -99985 -99986 -99984 -99985 -99986 -99984 -99985 -99986 -99984 -99984 -99985 -99983 -99983 -99984
-100000 -100000 -99999 -99998 -99999 -99997 -99996 -99996 -99996 -99994 -99992 -99992 -99992 -99990 -99989 -99989 -99989 -99989 -99988 -99988 -99988 -99988 -99987 -99987 -99987 -99987 -1235 -1234 -1235 -1232 -1230 -1233 -1228 -1230 -1233 -1228 -1230 -1233 -1228 -1231 -1234 -1229 -1231 -1234 -1233 -1234 -99982 -1235 -99981 -99981 -99981 -99980 -99980 -99980 -99979 -99979 -99979 -99978 -99978 -99979 -99980 -99980 -99981 -99981 -99982 -99982 -99982 -99982 -99983 -99983 -99982 -99983 -99984 -99982 -99984 -99985 -99983 -99985 -99986 -99984 -99986 -99987 -99985 -99986 -99987 -99985 -99986 -99987 -99985 -99986 -99987 -99985 -99986 -99987 -99985 -99985 -99986 -99984 -99984 -99985
-100000 -100000 -99999 -99999 -100000 -99999 -99997 -99997 -99997 -99996 -99993 -99994 -99994 -99992 -99989 -99989 -99989 -99989 -99988 -99988 -99988 -99988 -99987 -99987 -99987 -99987 -99986 -99986 -99986 -1236 -1234 -1236 -1233 -1234 -1236 -1233 -1235 -1236 -1233 -1235 -99983 -1234 -1235 -99982 -1236 -99982 -99982 -99982 -99981 -99981 -99981 -99980 -99980 -99980 -99979 -99979 -99979 -99980 -99980 -99981 -99981 -99982 -99982 -99983 -99982 -99983 -99984 -99983 -99983 -99983 -99982 -99984 -99985 -99983 -99985 -99986 -99984 -99986 -99987 -99985 -99987 -99988 -99986 -99987 -99988 -99986 -99987 -99988 -99986 -99987 -99988 -99986 -99987 -99987 -99986 -99986 -99986 -99985 -99985 -99986
-100000 -100000 -100000 -99999 -100000 -99999 -99998 -99998 -99998 -99996 -99995 -99995 -99996 -99993 -99991 -99991 -99992 -99989 -99988 -99988 -99988 -99988 -99987 -99987 -99987 -99987 -99986 -99986 -99986 -99986 -99985 -99985 -99985 -1236 -99984 -99984 -99984 -1236 -99983 -99983 -99983 -1237 -99982 -99982 -99982 -99982 -99981 -99981 -99981 -99981 -99980 -99980 -99980 -99980 -99979 -99979 -99980 -99981 -99981 -99982 -99982 -99983 -99983 -99983 -99983 -99984 -99984 -99983 -99984 -99985 -99983 -99985 -99986 -99984 -99986 -99987 -99985 -99987 -99988 -99986 -99988 -99988 -99987 -99988 -99988 -99987 -99988 -99988 -99987 -99988 -99988 -99987 -99987 -99987 -99987 -99988 -99986 -99986 -99986 -99987
-100000 -100000 -100000 -99999 -100000 -99999 -99999 -99998 -99999 -99998 -99996 -99996 -99996 -99995 -99992 -99993 -99993 -99991 -99990 -99990 -99991 -99988 -99987 -99987 -99987 -99987 -99986 -99986 -99986 -99986 -99985 -99985 -99985 -99985 -99984 -99984 -99984 -99984 -99983 -99983 -99983 -99983 -99982 -99982 -99982 -99982 -99981 -99981 -99981 -99981 -99980 -99980 -99980 -99980 -99981 -99981 -99982 -99982 -99983 -99983 -99984 -99983 -99984 -99984 -99984 -99984 -99984 -99983 -99985 -99985 -99984 -99986 -99986 -99985 -99987 -99987 -99986 -99988 -99988 -99987 -99989 -99988 -99989 -99989 -99988 -99989 -99989 -99988 -99988 -99988 -99988 -99989 -99988 -99988 -99988 -99989 -99987 -99987 -99987 -99988
-100000 -100000 -100000 -99999 -100000 -99999 -99999 -99998 -100000 -99998 -99997 -99997 -99997 -99995 -99994 -99994 -99995 -99992 -99991 -99992 -99992 -99990 -99989 -99989 -99990 -99987 -99986 -99986 -99986 -99986 -99985 -99985 -99985 -99985 -99984 -99984 -99984 -99984 -99983 -99983 -99983 -99983 -99982 -99982 -99982 -99982 -99981 -99981 -99981 -99981 -99982 -99982 -99983 -99982 -99982 -99983 -99983 -99984 -99984 -99984 -99984 -99985 -99985 -99984 -99985 -99986 -99984 -99986 -99987 -99985 -99987 -99988 -99986 -99988 -99989 -99987 -99989 -99989 -99988 -99989 -99989 -99990 -99990 -99989 -99989 -99989 -99989 -99990 -99989 -99989 -99989 -99990 -99989 -99989 -99989 -99990 -99988 -99988 -99988 -99989
-100000 -100000 -100000 -99999 -100000 -99999 -99999 -99998 -100000 -99998 -99998 -99997 -99998 -99997 -99995 -99995 -99995 -99994 -99993 -99993 -99994 -99991 -99990 -99991 -99991 -99989 -99988 -99988 -99989 -99986 -99985 -99985 -99985 -99985 -99984 -99984 -99984 -99984 -99983 -99983 -99983 -99983 -99982 -99982 -99982 -99982 -99983 -99983 -99984 -99983 -99983 -99984 -99984 -99983 -99984 -99984 -99985 -99984 -99985 -99985 -99985 -99985 -99985 -99984 -99986 -99986 -99985 -99987 -99987 -99986 -99988 -99988 -99987 -99989 -99989 -99988 -99990 -99989 -99990 -99990 -99990 -99990 -99990 -99991 -99990 -99990 -99990 -99991 -99990 -99990 -99990 -99991 -99990 -99990 -99990 -99991 -99989 -99989 -99989 -99990
-100000 -100000 -100000 -99999 -100000 -99999 -99999 -99998 -100000 -99998 -99998 -99997 -99999 -99997 -99996 -99996 -99996 -99994 -99994 -99994 -99994 -99993 -99992 -99992 -99993 -99990 -99989 -99990 -99990 -99988 -99987 -99987 -99988 -99985 -99986 -99986 -99987 -99984 -99985 -99985 -99986 -99983 -99984 -99984 -99985 -99984 -99984 -99985 -99985 -99984 -99985 -99985 -99986 -99985 -99985 -99985 -99985 -99986 -99986 -99985 -99986 -99987 -99985 -99987 -99988 -99986 -99988 -99989 -99987 -99989 -99990 -99988 -99990 -99990 -99989 -99990 -99990 -99991 -99991 -99990 -99991 -99991 -99991 -99992 -99991 -99991 -99991 -99992 -99991 -99991 -99991 -99992 -99991 -99991 -99991 -99992 -99990 -99990 -99990 -99991
-100000 -100000 -100000 -99999 -100000 -99999 -99999 -99998 -100000 -99998 -99998 -99997 -99999 -99997 -99997 -99996 -99997 -99996 -99995 -99995 -99995 -99993 -99993 -99993 -99993 -99992 -99991 -99991 -99992 -99989 -99988 -99989 -99989 -99987 -99987 -99988 -99988 -99986 -99986 -99987 -99987 -99985 -99985 -99986 -99986 -99985 -99986 -99986 -99987 -99986 -99986 -99986 -99986 -99985 -99986 -99986 -99986 -99986 -99986 -99985 -99987 -99987 -99986 -99988 -99988 -99987 -99989 -99989 -99988 -99990 -99990 -99989 -99991 -99990 -99991 -99991 -99991 -99991 -99991 -99992 -99992 -99992 -99992 -99993 -99992 -99992 -99992 -99993 -99992 -99992 -99992 -99993 -99992 -99992 -99992 -99993 -99991 -99991 -99991 -99992
-100000 -100000 -100000 -99999 -100000 -99999 -99999 -99998 -100000 -99998 -99998 -99997 -99999 -99997 -99997 -99996 -99998 -99996 -99996 -99995 -99996 -99995 -99994 -99994 -99994 -99992 -99992 -99992 -99992 -99991 -99990 -99990 -99991 -99988 -99989 -99989 -99990 -99987 -99988 -99988 -99989 -99986 -99987 -99987 -99988 -99987 -99987 -99987 -99987 -99986 -99987 -99987 -99987 -99987 -99987 -99986 -99987 -99988 -99986 -99988 -99989 -99987 -99989 -99990 -99988 -99990 -99991 -99989 -99991 -99991 -99990 -99991 -99991 -99992 -99992 -99991 -99992 -99992 -99992 -99993 -99993 -99993 -99993 -99994 -99993 -99993 -99993 -99994 -99993 -99993 -99993 -99994 -99993 -99993 -99993 -99994 -99992 -99992 -99992 -99993
-100000 -100000 -100000 -99999 -100000 -99999 -99999 -99998 -100000 -99998 -99998 -99997 -99999 -99997 -99997 -99996 -99998 -99996 -99996 -99995 -99997 -99995 -99995 -99994 -99995 -99994 -99993 -99993 -99993 -99991 -99991 -99991 -99991 -99990 -99990 -99990 -99990 -99989 -99989 -99989 -99989 -99988 -99988 -99988 -99988 -99987 -99988 -99988 -99988 -99988 -99988 -99987 -99988 -99987 -99987 -99986 -99988 -99988 -99987 -99989 -99989 -99988 -99990 -99990 -99989 -99991 -99991 -99990 -99992 -99991 -99992 -99992 -99992 -99992 -99992 -99993 -99993 -99993 -99993 -99994 -99994 -99994 -99994 -99995 -99994 -99994 -99994 -99995 -99994 -99994 -99994 -99995 -99994 -99994 -99994 -99995 -99993 -99993 -99993 -99994
-100000 -100000 -100000 -99999 -100000 -99999 -99999 -99998 -100000 -99998 -99998 -99997 -99999 -99997 -99997 -99996 -99998 -99996 -99996 -99995 -99997 -99995 -99995 -99994 -99996 -99994 -99994 -99993 -99994 -99993 -99992 -99992 -99992 -99990 -99991 -99991 -99991 -99989 -99990 -99990 -99990 -99988 -99989 -99989 -99989 -99989 -99989 -99988 -99989 -99988 -99988 -99987 -99989 -99989 -99987 -99989 -99990 -99988 -99990 -99991 -99989 -99991 -99992 -99990 -99992 -99992 -99991 -99992 -99992 -99993 -99993 -99992 -99993 -99993 -99993 -99994 -99994 -99994 -99994 -99995 -99995 -99995 -99995 -99996 -99995 -99995 -99995 -99996 -99995 -99995 -99995 -99996 -99995 -99995 -99995 -99996 -99994 -99994 -99994 -99995
-100000 -100000 -100000 -99999 -100000 -99999 -99999 -99998 -100000 -99998 -99998 -99997 -99999 -99997 -99997 -99996 -99998 -99996 -99996 -99995 -99997 -99995 -99995 -99994 -99996 -99994 -99994 -99993 -99995 -99993 -99993 -99992 -99993 -99992 -99992 -99991 -99992 -99991 -99991 -99990 -99991 -99990 -99990 -99989 -99990 -99989 -99989 -99988 -99990 -99990 -99988 -99990 -99991 -99989 -99988 -99990 -99990 -99989 -99991 -99991 -99990 -99992 -99992 -99991 -99993 -99992 -99993 -99993 -99993 -99993 -99993 -99994 -99994 -99994 -99994 -99995 -99995 -99995 -99995 -99996 -99996 -99996 -99996 -99997 -99996 -99996 -99996 -99997 -99996 -99996 -99996 -99997 -99996 -99996 -99996 -99997 -99995 -99995 -99995 -99996
-100000 -100000 -100000 -99999 -100000 -99999 -99999 -99998 -100000 -99998 -99998 -99997 -99999 -99997 -99997 -99996 -99998 -99996 -99996 -99995 -99997 -99995 -99995 -99994 -99996 -99994 -99994 -99993 -99995 -99993 -99993 -99992 -99994 -99992 -99992 -99991 -99993 -99991 -99991 -99990 -99992 -99990 -99990 -99989 -99991 -99991 -99989 -99991 -99992 -99990 -99989 -99991 -99991 -99989 -99991 -99992 -99990 -99992 -99993 -99991 -99993 -99993 -99992 -99993 -99993 -99994 -99994 -99993 -99994 -99994 -99994 -99995 -99995 -99995 -99995 -99996 -99996 -99996 -99996 -99997 -99997 -99997 -99997 -99998 -99997 -99997 -99997 -99998 -99997 -99997 -99997 -99998 -99997 -99997 -99997 -99998 -99996 -99996 -99996 -99997
